pitch_4: 3.28723168373
roll_4: -0.0600797720253
height_4: 1.19243335724
pitch_13: 3.31748533249
roll_13: -0.0787684395909
height_13: 1.19293653965
