pitch_4: 2.1416759491
roll_4: -0.450930684805
height_4: 1.33351957798
pitch_13: 2.17038989067
roll_13: -0.465079069138
height_13: 1.33343172073
