pitch_4: 1.86710214615
roll_4: -0.0657613575459
height_4: 1.46493899822
pitch_13: 1.89734482765
roll_13: -0.0788244381547
height_13: 1.46485888958
