pitch_4: 2.16912913322
roll_4: -0.156359538436
height_4: 1.44331884384
pitch_13: 2.19900989532
roll_13: -0.170619145036
height_13: 1.44333779812
