pitch_4: 2.12259244919
roll_4: -0.436638444662
height_4: 1.43237125874
pitch_13: 2.15136289597
roll_13: -0.450711488724
height_13: 1.43227577209
