pitch_4: 2.08363318443
roll_4: -0.306377470493
height_4: 1.28473258018
pitch_13: 2.11292052269
roll_13: -0.32029697299
height_13: 1.28466761112
