pitch_4: 2.07050991058
roll_4: -0.359331190586
height_4: 1.34962558746
pitch_13: 2.09958744049
roll_13: -0.37319791317
height_13: 1.34954357147
