pitch_4: 2.25208830833
roll_4: -0.0876581370831
height_4: 1.34231460094
pitch_13: 2.28224086761
roll_13: -0.102246820927
height_13: 1.34239268303
