pitch_4: 2.13629055023
roll_4: -0.209095641971
height_4: 1.34412491322
pitch_13: 2.16596221924
roll_13: -0.223224639893
height_13: 1.34410369396
