pitch_4: 2.12597870827
roll_4: 0.551998615265
height_4: 1.41744458675
pitch_13: 2.15866756439
roll_13: 0.537904560566
height_13: 1.41771161556
