pitch_4: 2.32307767868
roll_4: 0.296665549278
height_4: 1.39925265312
pitch_13: 2.35475254059
roll_13: 0.281792253256
height_13: 1.39949679375
