pitch_4: 2.21333098412
roll_4: -0.197289660573
height_4: 1.3730225563
pitch_13: 2.24304938316
roll_13: -0.211724027991
height_13: 1.37304925919
