pitch_4: 2.1835360527
roll_4: -0.0237111933529
height_4: 1.38282597065
pitch_13: 2.21394228935
roll_13: -0.0380288697779
height_13: 1.38289833069
