pitch_4: 2.03859472275
roll_4: -0.0332753099501
height_4: 1.43919909
pitch_13: 2.06896471977
roll_13: -0.0470183156431
height_13: 1.43921220303
