pitch_4: 1.20510601997
roll_4: 0.0231168400496
height_4: 1.57838571072
pitch_13: 1.23570597172
roll_13: 0.0126783140004
height_13: 1.57808244228
