pitch_4: 2.63587021828
roll_4: 0.681787908077
height_4: 1.36515724659
pitch_13: 2.66906785965
roll_13: 0.665672242641
height_13: 1.36566781998
