pitch_4: 2.72859597206
roll_4: -0.65680629015
height_4: 1.40688550472
pitch_13: 2.75649094582
roll_13: -0.673278391361
height_13: 1.40697872639
