pitch_4: 1.84752964973
roll_4: 0.0415974743664
height_4: 1.4492868185
pitch_13: 1.87819802761
roll_13: 0.0286114122719
height_13: 1.44925808907
