pitch_4: 2.27754545212
roll_4: -0.0900586470962
height_4: 1.26927089691
pitch_13: 2.30768799782
roll_13: -0.104748487473
height_13: 1.26935470104
