pitch_4: 2.01336765289
roll_4: -0.193006113172
height_4: 1.43643438816
pitch_13: 2.04310441017
roll_13: -0.206647828221
height_13: 1.4363847971
