pitch_4: 2.07537722588
roll_4: -0.652038812637
height_4: 1.3531306982
pitch_13: 2.10329389572
roll_13: -0.665922760963
height_13: 1.35293221474
