pitch_4: 1.99867892265
roll_4: -0.265371233225
height_4: 1.41046333313
pitch_13: 2.0281291008
roll_13: -0.278954148293
height_13: 1.41037726402
