pitch_4: 2.19702672958
roll_4: -0.163139402866
height_4: 1.40101337433
pitch_13: 2.22688055038
roll_13: -0.177509337664
height_13: 1.40104365349
