pitch_4: 2.19934272766
roll_4: -0.00312094110996
height_4: 1.30224120617
pitch_13: 2.22983074188
roll_13: -0.0175013970584
height_13: 1.30233263969
