pitch_4: 2.16908574104
roll_4: -0.465170651674
height_4: 1.3377507925
pitch_13: 2.197742939
roll_13: -0.479427695274
height_13: 1.33766484261
