pitch_4: 2.17982053757
roll_4: -0.412817001343
height_4: 1.34185004234
pitch_13: 2.20868492126
roll_13: -0.427116811275
height_13: 1.34178495407
