pitch_4: 2.45052242279
roll_4: -0.324215352535
height_4: 1.40531075001
pitch_13: 2.47973632812
roll_13: -0.339588671923
height_13: 1.40538704395
