pitch_4: 2.24566292763
roll_4: -0.10423130542
height_4: 1.33137118816
pitch_13: 2.27575016022
roll_13: -0.1187941432
height_13: 1.33145701885
