pitch_4: 3.14700269699
roll_4: -0.433615624905
height_4: 1.2200871706
pitch_13: 3.17577934265
roll_13: -0.451746374369
height_13: 1.22040760517
