pitch_4: 2.23116874695
roll_4: -0.30198687315
height_4: 1.28825759888
pitch_13: 2.26047182083
roll_13: -0.316490918398
height_13: 1.28825163841
