pitch_4: 2.13423204422
roll_4: -0.301296889782
height_4: 1.27852392197
pitch_13: 2.16353845596
roll_13: -0.315416842699
height_13: 1.2784781456
