pitch_4: 2.01655697823
roll_4: -0.105339720845
height_4: 1.45537793636
pitch_13: 2.04664134979
roll_13: -0.118995092809
height_13: 1.4553437233
