pitch_4: 1.57723498344
roll_4: 0.0934109315276
height_4: 1.41798079014
pitch_13: 1.60811078548
roll_13: 0.0814959555864
height_13: 1.41784930229
