pitch_4: 2.25770568848
roll_4: -0.301035165787
height_4: 1.39703392982
pitch_13: 2.28701281548
roll_13: -0.315644800663
height_13: 1.39703774452
