pitch_4: 2.08907437325
roll_4: -0.183206230402
height_4: 1.44160830975
pitch_13: 2.11884951591
roll_13: -0.197148263454
height_13: 1.44159686565
