pitch_4: 2.10450172424
roll_4: 0.549596250057
height_4: 1.4158976078
pitch_13: 2.13718152046
roll_13: 0.535587251186
height_13: 1.41613781452
