pitch_4: 2.21654081345
roll_4: -0.188925623894
height_4: 1.40448319912
pitch_13: 2.24629235268
roll_13: -0.203372552991
height_13: 1.40452122688
