pitch_4: 2.14381885529
roll_4: -0.341681599617
height_4: 1.39660823345
pitch_13: 2.172965765
roll_13: -0.355839133263
height_13: 1.39656245708
