pitch_4: 2.3043923378
roll_4: -0.575750827789
height_4: 1.44749414921
pitch_13: 2.33260989189
roll_13: -0.590543150902
height_13: 1.4474158287
