pitch_4: 2.26185202599
roll_4: -0.0883346498013
height_4: 1.27237737179
pitch_13: 2.29200148582
roll_13: -0.102962255478
height_13: 1.27246499062
