pitch_4: 2.38372516632
roll_4: 0.23071539402
height_4: 1.39105463028
pitch_13: 2.41513848305
roll_13: 0.215602532029
height_13: 1.39130234718
