pitch_4: 2.15477347374
roll_4: 0.133195877075
height_4: 1.34484016895
pitch_13: 2.18580174446
roll_13: 0.118991017342
height_13: 1.3449562788
