pitch_4: 2.20533537865
roll_4: -0.257026165724
height_4: 1.36128759384
pitch_13: 2.23481678963
roll_13: -0.271428197622
height_13: 1.36128747463
