pitch_4: 3.37996506691
roll_4: -0.228322431445
height_4: 1.19041895866
pitch_13: 3.40955328941
roll_13: -0.247376680374
height_13: 1.19091105461
