pitch_4: 2.28703117371
roll_4: -0.351880967617
height_4: 1.39953219891
pitch_13: 2.31613636017
roll_13: -0.366606116295
height_13: 1.39953196049
