pitch_4: 2.14637923241
roll_4: -0.0837912932038
height_4: 1.41451394558
pitch_13: 2.17654752731
roll_13: -0.0979612991214
height_13: 1.41454410553
