pitch_4: 2.05771040916
roll_4: -0.206256181002
height_4: 1.42613470554
pitch_13: 2.08739352226
roll_13: -0.22007381916
height_13: 1.42608523369
