pitch_4: 2.16261363029
roll_4: -0.0305084437132
height_4: 1.40164554119
pitch_13: 2.19299316406
roll_13: -0.0447431989014
height_13: 1.40171027184
