pitch_4: 2.21393418312
roll_4: 0.0520289167762
height_4: 1.40747642517
pitch_13: 2.24464035034
roll_13: 0.0375902056694
height_13: 1.40759086609
