pitch_4: 3.19167923927
roll_4: -1.10370290279
height_4: 1.2865922451
pitch_13: 3.21780204773
roll_13: -1.12200498581
height_13: 1.2866910696
