pitch_4: 2.26254606247
roll_4: -0.257511913776
height_4: 1.35109674931
pitch_13: 2.29202580452
roll_13: -0.27214050293
height_13: 1.35112535954
