pitch_4: 2.17806982994
roll_4: -0.30904135108
height_4: 1.40119338036
pitch_13: 2.20734500885
roll_13: -0.323335140944
height_13: 1.40116107464
