pitch_4: 1.92274236679
roll_4: -0.406826972961
height_4: 1.45421564579
pitch_13: 1.95163154602
roll_13: -0.420107930899
height_13: 1.4540476799
