pitch_4: 2.3691136837
roll_4: -0.262523472309
height_4: 1.35849058628
pitch_13: 2.3985722065
roll_13: -0.277574926615
height_13: 1.35855126381
