pitch_4: 1.36516559124
roll_4: 0.293222218752
height_4: 1.55306863785
pitch_13: 1.39683544636
roll_13: 0.282146930695
height_13: 1.55292737484
