pitch_4: 1.80870819092
roll_4: -0.614019274712
height_4: 1.46023070812
pitch_13: 1.83677709103
roll_13: -0.626846373081
height_13: 1.45994460583
