pitch_4: 2.15050506592
roll_4: -0.530705571175
height_4: 1.30745601654
pitch_13: 2.17890286446
roll_13: -0.544888496399
height_13: 1.30734157562
