pitch_4: 2.2133975029
roll_4: -0.356867969036
height_4: 1.34071266651
pitch_13: 2.24248361588
roll_13: -0.371301501989
height_13: 1.34067821503
