pitch_4: 2.63994264603
roll_4: 0.780202507973
height_4: 1.3643553257
pitch_13: 2.67353010178
roll_13: 0.764069974422
height_13: 1.36488854885
