pitch_4: 2.5530371666
roll_4: -0.579879105091
height_4: 1.41002309322
pitch_13: 2.58123731613
roll_13: -0.595656454563
height_13: 1.41004955769
