pitch_4: 2.27152037621
roll_4: -0.328766524792
height_4: 1.38414752483
pitch_13: 2.30071735382
roll_13: -0.343430280685
height_13: 1.38414371014
