pitch_4: 2.41419482231
roll_4: -0.271930485964
height_4: 1.41432094574
pitch_13: 2.44361591339
roll_13: -0.287160307169
height_13: 1.41439700127
