pitch_4: 2.26725721359
roll_4: -0.37958073616
height_4: 1.38627278805
pitch_13: 2.29625272751
roll_13: -0.394227266312
height_13: 1.38625741005
