pitch_4: 2.08925008774
roll_4: -0.465819209814
height_4: 1.34336268902
pitch_13: 2.1179049015
roll_13: -0.479759782553
height_13: 1.34324634075
