pitch_4: 2.08731412888
roll_4: -0.15202626586
height_4: 1.43877267838
pitch_13: 2.11721301079
roll_13: -0.165961563587
height_13: 1.43875741959
