pitch_4: 1.77706921101
roll_4: -0.435568451881
height_4: 1.46731555462
pitch_13: 1.80584561825
roll_13: -0.44827157259
height_13: 1.46707904339
