pitch_4: 2.189016819
roll_4: -0.573314666748
height_4: 1.31262338161
pitch_13: 2.21724462509
roll_13: -0.587649524212
height_13: 1.31250488758
