pitch_4: 2.13885354996
roll_4: -0.0740065053105
height_4: 1.35618042946
pitch_13: 2.16906142235
roll_13: -0.0881467163563
height_13: 1.35620903969
