pitch_4: 2.20433449745
roll_4: -0.222992017865
height_4: 1.39966523647
pitch_13: 2.23395109177
roll_13: -0.23739027977
height_13: 1.39967274666
