pitch_4: 2.12974119186
roll_4: 0.550007224083
height_4: 1.41595697403
pitch_13: 2.16242194176
roll_13: 0.535898149014
height_13: 1.41620850563
