pitch_4: 2.26606917381
roll_4: -0.20198918879
height_4: 1.40306901932
pitch_13: 2.29576849937
roll_13: -0.216632664204
height_13: 1.40311098099
