pitch_4: 2.18723678589
roll_4: -0.20958326757
height_4: 1.44328129292
pitch_13: 2.21690702438
roll_13: -0.223914161325
height_13: 1.4432888031
