pitch_4: 2.52123951912
roll_4: -0.0911980867386
height_4: 1.33186733723
pitch_13: 2.55137562752
roll_13: -0.106853052974
height_13: 1.33205032349
