pitch_4: 2.1385948658
roll_4: -0.146257549524
height_4: 1.3952986002
pitch_13: 2.16851615906
roll_13: -0.1603962183
height_13: 1.39530622959
