pitch_4: 2.39266419411
roll_4: -0.237499326468
height_4: 1.35662579536
pitch_13: 2.42222189903
roll_13: -0.252644211054
height_13: 1.3567097187
