pitch_4: 2.35443639755
roll_4: 0.540848791599
height_4: 1.34175825119
pitch_13: 2.38707828522
roll_13: 0.52584952116
height_13: 1.34208595753
