pitch_4: 1.83176112175
roll_4: 0.0040072160773
height_4: 1.44637036324
pitch_13: 1.86228072643
roll_13: -0.00891618523747
height_13: 1.44631707668
