pitch_4: 2.21026158333
roll_4: -0.294006317854
height_4: 1.39668524265
pitch_13: 2.2395966053
roll_13: -0.308427929878
height_13: 1.39666604996
