pitch_4: 2.37367463112
roll_4: -0.245166167617
height_4: 1.37550497055
pitch_13: 2.40320158005
roll_13: -0.260235458612
height_13: 1.3755698204
