pitch_4: 2.0848505497
roll_4: 0.552602887154
height_4: 1.42233479023
pitch_13: 2.11754179001
roll_13: 0.538671731949
height_13: 1.42256748676
