pitch_4: 2.19704508781
roll_4: 0.455262571573
height_4: 1.39592885971
pitch_13: 2.22935009003
roll_13: 0.440887451172
height_13: 1.39618802071
