pitch_4: 2.22995018959
roll_4: -0.245349049568
height_4: 1.36058688164
pitch_13: 2.25947785378
roll_13: -0.259848952293
height_13: 1.36059832573
