pitch_4: 2.13105940819
roll_4: -0.032614223659
height_4: 1.3977560997
pitch_13: 2.16143107414
roll_13: -0.0467237941921
height_13: 1.39780724049
