pitch_4: 2.16338682175
roll_4: -0.266077160835
height_4: 1.44406712055
pitch_13: 2.19283294678
roll_13: -0.280313014984
height_13: 1.44405567646
