pitch_4: 2.460978508
roll_4: -0.20851829648
height_4: 1.35001182556
pitch_13: 2.49065041542
roll_13: -0.223933771253
height_13: 1.35012996197
