pitch_4: 2.6442565918
roll_4: -0.210285842419
height_4: 1.29934477806
pitch_13: 2.67392063141
roll_13: -0.226427450776
height_13: 1.29954683781
