pitch_4: 2.52543520927
roll_4: -0.411203026772
height_4: 1.36830115318
pitch_13: 2.55430412292
roll_13: -0.426872223616
height_13: 1.36838293076
