pitch_4: 3.02019286156
roll_4: 1.50839424133
height_4: 1.23291456699
pitch_13: 3.05666041374
roll_13: 1.49074995518
height_13: 1.23387551308
