pitch_4: 2.40180826187
roll_4: -0.329712152481
height_4: 1.39038789272
pitch_13: 2.43100047112
roll_13: -0.344892352819
height_13: 1.39043736458
