pitch_4: 2.19305276871
roll_4: -0.165312126279
height_4: 1.40953111649
pitch_13: 2.22289776802
roll_13: -0.179666429758
height_13: 1.40955758095
