pitch_4: 2.41053700447
roll_4: -0.26270788908
height_4: 1.35350143909
pitch_13: 2.43999457359
roll_13: -0.277923256159
height_13: 1.35356628895
