pitch_4: 2.16453099251
roll_4: -0.212600857019
height_4: 1.3966909647
pitch_13: 2.19418883324
roll_13: -0.226841792464
height_13: 1.39668715
