pitch_4: 2.19749546051
roll_4: -0.372263669968
height_4: 1.45735287666
pitch_13: 2.22652029991
roll_13: -0.386633872986
height_13: 1.45731651783
