pitch_4: 3.01097178459
roll_4: -0.734189927578
height_4: 1.37346494198
pitch_13: 3.03855919838
roll_13: -0.751779675484
height_13: 1.37363064289
