pitch_4: 2.15180182457
roll_4: -0.0404792912304
height_4: 1.37328839302
pitch_13: 2.18214225769
roll_13: -0.0546710118651
height_13: 1.37333989143
