pitch_4: 2.59812188148
roll_4: 0.175514757633
height_4: 1.35059809685
pitch_13: 2.62931418419
roll_13: 0.159552618861
height_13: 1.35091793537
