pitch_4: 2.28467345238
roll_4: -0.146740838885
height_4: 1.37995660305
pitch_13: 2.31459164619
roll_13: -0.161458313465
height_13: 1.38004040718
