pitch_4: 2.56211638451
roll_4: -1.71093308926
height_4: 1.45222771168
pitch_13: 2.58583331108
roll_13: -1.72673761845
height_13: 1.45185017586
