pitch_4: 1.80331003666
roll_4: -0.112394429743
height_4: 1.42848205566
pitch_13: 1.83336794376
roll_13: -0.125204265118
height_13: 1.42837131023
