pitch_4: 2.9354865551
roll_4: -0.64185667038
height_4: 1.36801171303
pitch_13: 2.96343970299
roll_13: -0.659148275852
height_13: 1.36816990376
