pitch_4: 2.38338208199
roll_4: -1.58063662052
height_4: 1.45261609554
pitch_13: 2.40761590004
roll_13: -1.59573376179
height_13: 1.45221197605
