pitch_4: 2.56263875961
roll_4: -0.0957477018237
height_4: 1.33328568935
pitch_13: 2.5927567482
roll_13: -0.111566729844
height_13: 1.33348762989
