pitch_4: 2.12867259979
roll_4: 0.0105857700109
height_4: 1.41573679447
pitch_13: 2.15921545029
roll_13: -0.00351471710019
height_13: 1.41580712795
