pitch_4: 2.14595794678
roll_4: -0.0198882836848
height_4: 1.42401623726
pitch_13: 2.17638015747
roll_13: -0.0340569540858
height_13: 1.42407917976
