pitch_4: 2.26094508171
roll_4: -0.208352074027
height_4: 1.26715397835
pitch_13: 2.2906191349
roll_13: -0.222975164652
height_13: 1.26719582081
