pitch_4: 2.47209048271
roll_4: -0.370722442865
height_4: 1.36511075497
pitch_13: 2.50111961365
roll_13: -0.386180639267
height_13: 1.3651753664
