pitch_4: 2.55681395531
roll_4: 0.630430340767
height_4: 1.38005578518
pitch_13: 2.58980941772
roll_13: 0.614628314972
height_13: 1.38051331043
