pitch_4: 2.30034637451
roll_4: -0.0205259528011
height_4: 1.40313887596
pitch_13: 2.33076453209
roll_13: -0.0353065915406
height_13: 1.40326094627
