pitch_4: 2.16249299049
roll_4: -0.41303563118
height_4: 1.33606159687
pitch_13: 2.1913561821
roll_13: -0.427266865969
height_13: 1.33598899841
