pitch_4: 2.43002986908
roll_4: 0.834755182266
height_4: 1.37248516083
pitch_13: 2.46383619308
roll_13: 0.819453239441
height_13: 1.37295758724
