pitch_4: 2.75947999954
roll_4: -0.606713235378
height_4: 1.40807950497
pitch_13: 2.78757309914
roll_13: -0.623308300972
height_13: 1.40818810463
