pitch_4: 1.75902616978
roll_4: -0.0815289318562
height_4: 1.42992544174
pitch_13: 1.78920674324
roll_13: -0.0941631868482
height_13: 1.42980349064
