pitch_4: 2.43903613091
roll_4: -1.64505183697
height_4: 1.45226180553
pitch_13: 2.46301436424
roll_13: -1.66036903858
height_13: 1.45186543465
