pitch_4: 2.24941325188
roll_4: 0.000589690636843
height_4: 1.39248991013
pitch_13: 2.27991533279
roll_13: -0.0139893051237
height_13: 1.39260435104
