pitch_4: 1.75339841843
roll_4: -0.133679628372
height_4: 1.43585729599
pitch_13: 1.7833725214
roll_13: -0.146291345358
height_13: 1.43572175503
