pitch_4: 2.50212693214
roll_4: -1.6466230154
height_4: 1.44293880463
pitch_13: 2.52609968185
roll_13: -1.66218972206
height_13: 1.4425650835
