pitch_4: 2.82003450394
roll_4: 0.622454285622
height_4: 1.33115267754
pitch_13: 2.85299491882
roll_13: 0.605609714985
height_13: 1.33170902729
