pitch_4: 2.11451935768
roll_4: -0.278014600277
height_4: 1.32108056545
pitch_13: 2.14391875267
roll_13: -0.29205673933
height_13: 1.32103681564
