pitch_4: 2.94604802132
roll_4: -0.0235995985568
height_4: 1.32049560547
pitch_13: 2.97644925117
roll_13: -0.0409379824996
height_13: 1.32087302208
