pitch_4: 2.11027169228
roll_4: -0.44817969203
height_4: 1.43252980709
pitch_13: 2.13899636269
roll_13: -0.462203711271
height_13: 1.43242669106
