pitch_4: 2.59144639969
roll_4: 0.662675619125
height_4: 1.37013721466
pitch_13: 2.62456870079
roll_13: 0.646736264229
height_13: 1.37062120438
