pitch_4: 2.64826273918
roll_4: 0.954392492771
height_4: 1.37649416924
pitch_13: 2.6825401783
roll_13: 0.938225865364
height_13: 1.37710392475
