pitch_4: 2.43280744553
roll_4: -0.282086491585
height_4: 1.37705457211
pitch_13: 2.46218800545
roll_13: -0.297390133142
height_13: 1.37713444233
