pitch_4: 2.08990120888
roll_4: -0.406212478876
height_4: 1.40220916271
pitch_13: 2.11879253387
roll_13: -0.420156091452
height_13: 1.40211749077
