pitch_4: 2.34011173248
roll_4: -0.33946698904
height_4: 1.4120503664
pitch_13: 2.36926579475
roll_13: -0.354402780533
height_13: 1.41208457947
