pitch_4: 2.02736854553
roll_4: 0.170993342996
height_4: 1.39118051529
pitch_13: 2.05854773521
roll_13: 0.157293081284
height_13: 1.39125466347
