pitch_4: 2.09513568878
roll_4: -0.26981139183
height_4: 1.4119515419
pitch_13: 2.1245675087
roll_13: -0.283776760101
height_13: 1.41190183163
