pitch_4: 1.60422563553
roll_4: -0.0215530358255
height_4: 1.42591941357
pitch_13: 1.63464558125
roll_13: -0.0335741005838
height_13: 1.42576110363
