pitch_4: 2.16375041008
roll_4: -0.595729351044
height_4: 1.35903358459
pitch_13: 2.19188976288
roll_13: -0.609964072704
height_13: 1.35889601707
