pitch_4: 2.60117912292
roll_4: 0.147891446948
height_4: 1.3485430479
pitch_13: 2.6322619915
roll_13: 0.131917610765
height_13: 1.34884405136
