pitch_4: 2.65474891663
roll_4: 0.924961686134
height_4: 1.37024986744
pitch_13: 2.6889102459
roll_13: 0.908769488335
height_13: 1.37086331844
