pitch_4: 3.04246377945
roll_4: 1.35846590996
height_4: 1.21140789986
pitch_13: 3.07833695412
roll_13: 1.34073495865
height_13: 1.21231544018
