pitch_4: 2.09453463554
roll_4: -0.01929169707
height_4: 1.39951348305
pitch_13: 2.12495946884
roll_13: -0.0332567580044
height_13: 1.39954948425
