pitch_4: 2.25130438805
roll_4: -0.229480534792
height_4: 1.34616053104
pitch_13: 2.28089499474
roll_13: -0.244065091014
height_13: 1.34619092941
