pitch_4: 2.11249446869
roll_4: -0.331915467978
height_4: 1.4247174263
pitch_13: 2.14168024063
roll_13: -0.345949053764
height_13: 1.42464864254
