pitch_4: 2.09780097008
roll_4: 0.0554182343185
height_4: 1.4192751646
pitch_13: 2.12852168083
roll_13: 0.0414397381246
height_13: 1.41933619976
