pitch_4: 2.19869828224
roll_4: -0.392828017473
height_4: 1.28781044483
pitch_13: 2.22764158249
roll_13: -0.407202929258
height_13: 1.28775703907
