pitch_4: 2.14695382118
roll_4: -0.0100146755576
height_4: 1.40693795681
pitch_13: 2.17741513252
roll_13: -0.0241874866188
height_13: 1.40701425076
