pitch_4: 2.23932814598
roll_4: -0.145217746496
height_4: 1.40520167351
pitch_13: 2.2692527771
roll_13: -0.159755557775
height_13: 1.40525484085
