pitch_4: 2.83721017838
roll_4: -0.015642279759
height_4: 1.31908857822
pitch_13: 2.86764287949
roll_13: -0.0325497128069
height_13: 1.31942403316
