pitch_4: 2.17375683784
roll_4: -0.650749504566
height_4: 1.3390417099
pitch_13: 2.20167803764
roll_13: -0.665023565292
height_13: 1.3388851881
