pitch_4: 2.16617488861
roll_4: 0.129041463137
height_4: 1.38489437103
pitch_13: 2.19718718529
roll_13: 0.11479139328
height_13: 1.38501644135
