pitch_4: 2.40235090256
roll_4: -1.63151180744
height_4: 1.45198845863
pitch_13: 2.42638301849
roll_13: -1.64668405056
height_13: 1.45157682896
