pitch_4: 2.06751537323
roll_4: -0.661394238472
height_4: 1.34875500202
pitch_13: 2.0953950882
roll_13: -0.67524677515
height_13: 1.34856593609
