pitch_4: 2.10120153427
roll_4: -0.298192471266
height_4: 1.27820980549
pitch_13: 2.1305205822
roll_13: -0.312181830406
height_13: 1.27815639973
