pitch_4: 2.26946544647
roll_4: -0.0985406115651
height_4: 1.39069783688
pitch_13: 2.29957461357
roll_13: -0.113198302686
height_13: 1.3907777071
