pitch_4: 2.6977584362
roll_4: -1.14028763771
height_4: 1.44695425034
pitch_13: 2.72373771667
roll_13: -1.1566337347
height_13: 1.4468433857
