pitch_4: 2.39748573303
roll_4: -0.332435578108
height_4: 1.3912268877
pitch_13: 2.42666745186
roll_13: -0.347598493099
height_13: 1.39128398895
