pitch_4: 2.17913889885
roll_4: -0.511716485023
height_4: 1.40575671196
pitch_13: 2.20761084557
roll_13: -0.526012897491
height_13: 1.40565729141
