pitch_4: 3.0813369751
roll_4: 1.19414925575
height_4: 1.19776785374
pitch_13: 3.11655926704
roll_13: 1.17626547813
height_13: 1.1986297369
