pitch_4: 2.12930130959
roll_4: 0.0885516405106
height_4: 1.34347939491
pitch_13: 2.16015315056
roll_13: 0.0744479969144
height_13: 1.34356498718
