pitch_4: 2.12316942215
roll_4: -0.460021525621
height_4: 1.38959348202
pitch_13: 2.15184688568
roll_13: -0.474096626043
height_13: 1.38948273659
