pitch_4: 2.00441074371
roll_4: 0.699405014515
height_4: 1.42353475094
pitch_13: 2.03768515587
roll_13: 0.685791373253
height_13: 1.42379021645
