pitch_4: 1.98200333118
roll_4: -0.521835505962
height_4: 1.31631076336
pitch_13: 2.0104367733
roll_13: -0.535350501537
height_13: 1.31612563133
