pitch_4: 2.26713562012
roll_4: -0.0422536283731
height_4: 1.38456749916
pitch_13: 2.29746770859
roll_13: -0.0569024123251
height_13: 1.38466262817
