pitch_4: 2.86161923409
roll_4: 0.615955114365
height_4: 1.33125567436
pitch_13: 2.89455366135
roll_13: 0.598946034908
height_13: 1.33182728291
