pitch_4: 2.1936507225
roll_4: -0.0692374184728
height_4: 1.38828647137
pitch_13: 2.22387719154
roll_13: -0.083594866097
height_13: 1.38835501671
