pitch_4: 2.59477877617
roll_4: 0.762945771217
height_4: 1.37874281406
pitch_13: 2.62829899788
roll_13: 0.746992528439
height_13: 1.37927269936
