pitch_4: 2.18331980705
roll_4: 0.0934510305524
height_4: 1.38743174076
pitch_13: 2.21419072151
roll_13: 0.0791331976652
height_13: 1.38753461838
