pitch_4: 2.3489511013
roll_4: -0.311824291945
height_4: 1.39625942707
pitch_13: 2.37821483612
roll_13: -0.326795339584
height_13: 1.39629161358
