pitch_4: 2.05979347229
roll_4: -0.0191071908921
height_4: 1.39056384563
pitch_13: 2.09021949768
roll_13: -0.0329343825579
height_13: 1.39059436321
