pitch_4: 2.057533741
roll_4: 0.104407273233
height_4: 1.38179290295
pitch_13: 2.08844876289
roll_13: 0.0905878767371
height_13: 1.38185381889
