pitch_4: 2.10600590706
roll_4: -0.364070743322
height_4: 1.3197234869
pitch_13: 2.13506340981
roll_13: -0.3780785501
height_13: 1.31963956356
