pitch_4: 2.13490533829
roll_4: -0.137773349881
height_4: 1.45381867886
pitch_13: 2.16485977173
roll_13: -0.151897460222
height_13: 1.4538166523
