pitch_4: 2.08521723747
roll_4: -0.0963867157698
height_4: 1.41877651215
pitch_13: 2.11533641815
roll_13: -0.110314227641
height_13: 1.41877639294
