pitch_4: 2.04844236374
roll_4: -0.386031240225
height_4: 1.34221470356
pitch_13: 2.07741332054
roll_13: -0.399810761213
height_13: 1.34209990501
