pitch_4: 2.45572352409
roll_4: 0.77613812685
height_4: 1.37728834152
pitch_13: 2.48929738998
roll_13: 0.760735273361
height_13: 1.37774956226
