pitch_4: 2.50836253166
roll_4: -0.156100869179
height_4: 1.2861020565
pitch_13: 2.53824162483
roll_13: -0.171704530716
height_13: 1.28625440598
