pitch_4: 2.46143841743
roll_4: -0.357013493776
height_4: 1.42226445675
pitch_13: 2.49052238464
roll_13: -0.372429668903
height_13: 1.42232918739
