pitch_4: 2.12477517128
roll_4: -0.105878934264
height_4: 1.41432619095
pitch_13: 2.15485668182
roll_13: -0.119963154197
height_13: 1.41434895992
