pitch_4: 2.55421423912
roll_4: -1.6956243515
height_4: 1.43856489658
pitch_13: 2.57799243927
roll_13: -1.71139752865
height_13: 1.43820655346
