pitch_4: 2.27906298637
roll_4: -0.278163105249
height_4: 1.34960758686
pitch_13: 2.30846071243
roll_13: -0.292857319117
height_13: 1.34963238239
