pitch_4: 2.54862904549
roll_4: -0.446299552917
height_4: 1.40294706821
pitch_13: 2.57735824585
roll_13: -0.462060630322
height_13: 1.40301156044
