pitch_4: 2.19095134735
roll_4: 0.0258677527308
height_4: 1.38527560234
pitch_13: 2.22155427933
roll_13: 0.0115202646703
height_13: 1.38537085056
