pitch_4: 2.13356590271
roll_4: -0.639359891415
height_4: 1.35529816151
pitch_13: 2.16153216362
roll_13: -0.65347468853
height_13: 1.35512828827
