pitch_4: 2.53794836998
roll_4: -0.340132236481
height_4: 1.36484634876
pitch_13: 2.56709885597
roll_13: -0.355851262808
height_13: 1.36495304108
