pitch_4: 2.10774707794
roll_4: -0.200383260846
height_4: 1.40731406212
pitch_13: 2.13745331764
roll_13: -0.214399307966
height_13: 1.40728700161
