pitch_4: 1.39528274536
roll_4: -0.150059640408
height_4: 1.5535337925
pitch_13: 1.42519414425
roll_13: -0.161251068115
height_13: 1.55323410034
