pitch_4: 2.0844836235
roll_4: -0.691025912762
height_4: 1.34276151657
pitch_13: 2.11224603653
roll_13: -0.704945683479
height_13: 1.34256112576
