pitch_4: 1.63556373119
roll_4: 0.0678928121924
height_4: 1.40727961063
pitch_13: 1.66633760929
roll_13: 0.0557467378676
height_13: 1.40715742111
