pitch_4: 2.01581096649
roll_4: -0.185773521662
height_4: 1.40885400772
pitch_13: 2.045576334
roll_13: -0.199425294995
height_13: 1.40879845619
