pitch_4: 2.39873743057
roll_4: -0.145780846477
height_4: 1.33914864063
pitch_13: 2.42865848541
roll_13: -0.160950347781
height_13: 1.33925902843
