pitch_4: 2.02680325508
roll_4: 0.426629185677
height_4: 1.3916554451
pitch_13: 2.05899643898
roll_13: 0.412929177284
height_13: 1.39183855057
