pitch_4: 2.46608400345
roll_4: -0.0947048440576
height_4: 1.3328037262
pitch_13: 2.49620676041
roll_13: -0.110141180456
height_13: 1.33297514915
