pitch_4: 1.98241007328
roll_4: -0.380042493343
height_4: 1.34513938427
pitch_13: 2.01140546799
roll_13: -0.393560171127
height_13: 1.34500384331
