pitch_4: 2.09962773323
roll_4: -0.388434678316
height_4: 1.43792533875
pitch_13: 2.12858915329
roll_13: -0.402416676283
height_13: 1.43783354759
