pitch_4: 2.43660020828
roll_4: -0.312466233969
height_4: 1.41364836693
pitch_13: 2.46586084366
roll_13: -0.32778441906
height_13: 1.41373193264
