pitch_4: 2.11602807045
roll_4: -0.467750459909
height_4: 1.33667767048
pitch_13: 2.14467430115
roll_13: -0.481797009706
height_13: 1.33655738831
