pitch_4: 2.98696208
roll_4: -0.726697325706
height_4: 1.37356901169
pitch_13: 3.01457858086
roll_13: -0.744192123413
height_13: 1.37370824814
