pitch_4: 2.15677785873
roll_4: 0.160351410508
height_4: 1.38514208794
pitch_13: 2.18791389465
roll_13: 0.14613828063
height_13: 1.38527166843
