pitch_4: 2.24023795128
roll_4: -0.155583739281
height_4: 1.40933132172
pitch_13: 2.27012133598
roll_13: -0.17012514174
height_13: 1.40938448906
