pitch_4: 2.57869529724
roll_4: 0.669175446033
height_4: 1.37324523926
pitch_13: 2.61184382439
roll_13: 0.653286457062
height_13: 1.37372195721
