pitch_4: 2.08295059204
roll_4: -0.120649263263
height_4: 1.41107213497
pitch_13: 2.11297369003
roll_13: -0.134567528963
height_13: 1.41107571125
