pitch_4: 2.5435025692
roll_4: 0.728401005268
height_4: 1.37878084183
pitch_13: 2.57688570023
roll_13: 0.712651014328
height_13: 1.37926101685
