pitch_4: 2.50767350197
roll_4: -0.375503629446
height_4: 1.37154150009
pitch_13: 2.53668355942
roll_13: -0.391102850437
height_13: 1.37161755562
