pitch_4: 2.09893369675
roll_4: -0.448711961508
height_4: 1.33727073669
pitch_13: 2.12765598297
roll_13: -0.46269094944
height_13: 1.33715212345
