pitch_4: 2.09807944298
roll_4: 0.279803574085
height_4: 1.3805757761
pitch_13: 2.12968921661
roll_13: 0.265822052956
height_13: 1.38071274757
