pitch_4: 2.07218933105
roll_4: -0.526995360851
height_4: 1.31011450291
pitch_13: 2.10060191154
roll_13: -0.540867626667
height_13: 1.30996751785
