pitch_4: 2.30932354927
roll_4: 0.105791203678
height_4: 1.39568257332
pitch_13: 2.34024262428
roll_13: 0.0909740179777
height_13: 1.39586174488
