pitch_4: 1.32998776436
roll_4: 0.237065777183
height_4: 1.55520355701
pitch_13: 1.36143541336
roll_13: 0.226130470634
height_13: 1.55502593517
