pitch_4: 2.1518573761
roll_4: -0.442883402109
height_4: 1.31792962551
pitch_13: 2.18060255051
roll_13: -0.4570723176
height_13: 1.31783425808
