pitch_4: 1.80801784992
roll_4: -0.625217497349
height_4: 1.46564161777
pitch_13: 1.83604228497
roll_13: -0.638041675091
height_13: 1.46535551548
