pitch_4: 1.92767572403
roll_4: -0.108648650348
height_4: 1.44007372856
pitch_13: 1.9577473402
roll_13: -0.12195122987
height_13: 1.44001448154
