pitch_4: 2.15149903297
roll_4: -0.249438583851
height_4: 1.4451571703
pitch_13: 2.18101119995
roll_13: -0.263627529144
height_13: 1.44513404369
