pitch_4: 2.30485415459
roll_4: 0.276610404253
height_4: 1.39075434208
pitch_13: 2.33644938469
roll_13: 0.261809617281
height_13: 1.3909829855
