pitch_4: 2.10118508339
roll_4: -0.661789894104
height_4: 1.34406387806
pitch_13: 2.12906312943
roll_13: -0.675776183605
height_13: 1.34387493134
