pitch_4: 2.31145119667
roll_4: -0.13223990798
height_4: 1.33469450474
pitch_13: 2.34142684937
roll_13: -0.147063776851
height_13: 1.33477830887
