pitch_4: 2.11242747307
roll_4: 0.487880975008
height_4: 1.42420768738
pitch_13: 2.14486265182
roll_13: 0.473841100931
height_13: 1.42444801331
