pitch_4: 2.1884572506
roll_4: -0.00372708030045
height_4: 1.38076603413
pitch_13: 2.21894264221
roll_13: -0.0180645566434
height_13: 1.38083851337
