pitch_4: 2.17783045769
roll_4: -0.470314502716
height_4: 1.40508174896
pitch_13: 2.20646691322
roll_13: -0.484606236219
height_13: 1.40499019623
