pitch_4: 2.11405110359
roll_4: -0.656178772449
height_4: 1.35165858269
pitch_13: 2.14195108414
roll_13: -0.670215964317
height_13: 1.35147535801
