pitch_4: 2.58569312096
roll_4: 0.159317344427
height_4: 1.33514559269
pitch_13: 2.61682152748
roll_13: 0.143404707313
height_13: 1.33545804024
