pitch_4: 2.45396232605
roll_4: -0.310224473476
height_4: 1.40526497364
pitch_13: 2.48323178291
roll_13: -0.32561147213
height_13: 1.40534126759
