pitch_4: 2.07793188095
roll_4: -0.316235095263
height_4: 1.42124676704
pitch_13: 2.10718011856
roll_13: -0.33013176918
height_13: 1.4211704731
