pitch_4: 2.15846514702
roll_4: -0.520679831505
height_4: 1.35739600658
pitch_13: 2.1869020462
roll_13: -0.534894168377
height_13: 1.35727572441
