pitch_4: 1.75734007359
roll_4: -0.111772820354
height_4: 1.43388485909
pitch_13: 1.7874007225
roll_13: -0.124400340021
height_13: 1.43375515938
