pitch_4: 1.19222855568
roll_4: 0.138739749789
height_4: 1.57185733318
pitch_13: 1.22328770161
roll_13: 0.12835174799
height_13: 1.57158839703
