pitch_4: 2.14885115623
roll_4: -0.210065364838
height_4: 1.41117668152
pitch_13: 2.17851924896
roll_13: -0.224244296551
height_13: 1.41116142273
