pitch_4: 2.55596160889
roll_4: -0.186829447746
height_4: 1.28665924072
pitch_13: 2.58571863174
roll_13: -0.202621638775
height_13: 1.28682672977
