pitch_4: 2.35061049461
roll_4: -0.279926478863
height_4: 1.29965484142
pitch_13: 2.37999987602
roll_13: -0.294904112816
height_13: 1.29971396923
