pitch_4: 2.3211004734
roll_4: 0.336316823959
height_4: 1.38617312908
pitch_13: 2.35293245316
roll_13: 0.32145100832
height_13: 1.38642477989
