pitch_4: 2.22636771202
roll_4: -0.0855713188648
height_4: 1.34362375736
pitch_13: 2.25652909279
roll_13: -0.100058101118
height_13: 1.34369218349
