pitch_4: 2.62014865875
roll_4: 0.785327792168
height_4: 1.38372850418
pitch_13: 2.65375685692
roll_13: 0.769273817539
height_13: 1.38427746296
