pitch_4: 2.30517625809
roll_4: -0.368617594242
height_4: 1.39996933937
pitch_13: 2.33421516418
roll_13: -0.383414804935
height_13: 1.39996933937
