pitch_4: 2.46550035477
roll_4: -0.476185977459
height_4: 1.4162453413
pitch_13: 2.49411201477
roll_13: -0.49161747098
height_13: 1.41626799107
