pitch_4: 2.65585303307
roll_4: 0.0177800171077
height_4: 1.30115294456
pitch_13: 2.68642020226
roll_13: 0.00159071944654
height_13: 1.30143892765
