pitch_4: 2.30644965172
roll_4: 0.0980504900217
height_4: 1.3941757679
pitch_13: 2.33733797073
roll_13: 0.0832447707653
height_13: 1.39436268806
