pitch_4: 2.40779018402
roll_4: -0.292991220951
height_4: 1.34896755219
pitch_13: 2.4371278286
roll_13: -0.308195471764
height_13: 1.34902858734
