pitch_4: 3.02206492424
roll_4: -1.78783106804
height_4: 1.32679188251
pitch_13: 3.04547786713
roll_13: -1.80545675755
height_13: 1.32657444477
