pitch_4: 2.32390260696
roll_4: -0.368034005165
height_4: 1.33512294292
pitch_13: 2.35294389725
roll_13: -0.382905066013
height_13: 1.33513629436
