pitch_4: 2.00069022179
roll_4: -0.133037135005
height_4: 1.35073828697
pitch_13: 2.03066468239
roll_13: -0.146629363298
height_13: 1.3506963253
