pitch_4: 2.1864464283
roll_4: -0.221433550119
height_4: 1.41409742832
pitch_13: 2.21606969833
roll_13: -0.23576104641
height_13: 1.4141087532
