pitch_4: 2.20278573036
roll_4: -0.243358746171
height_4: 1.37743926048
pitch_13: 2.2323217392
roll_13: -0.257750928402
height_13: 1.37745058537
