pitch_4: 1.82624733448
roll_4: 0.0940170735121
height_4: 1.45851635933
pitch_13: 1.85712325573
roll_13: 0.0811147093773
height_13: 1.45848369598
