pitch_4: 2.1961414814
roll_4: -0.291904419661
height_4: 1.39609873295
pitch_13: 2.22548484802
roll_13: -0.306269884109
height_13: 1.39607954025
