pitch_4: 2.24409008026
roll_4: -0.407280802727
height_4: 1.33809101582
pitch_13: 2.27297616005
roll_13: -0.421835690737
height_13: 1.33804512024
