pitch_4: 2.09816145897
roll_4: -0.341319292784
height_4: 1.41164183617
pitch_13: 2.12730979919
roll_13: -0.355295985937
height_13: 1.41157305241
