pitch_4: 2.08485722542
roll_4: -0.390823632479
height_4: 1.34609270096
pitch_13: 2.11380958557
roll_13: -0.404747366905
height_13: 1.34599530697
