pitch_4: 2.27175855637
roll_4: -0.297027170658
height_4: 1.28996551037
pitch_13: 2.30108165741
roll_13: -0.311692327261
height_13: 1.28998064995
