pitch_4: 2.44275903702
roll_4: 0.781680703163
height_4: 1.37222909927
pitch_13: 2.47635507584
roll_13: 0.766329109669
height_13: 1.37270188332
