pitch_4: 2.51901721954
roll_4: -0.3500251472
height_4: 1.36197054386
pitch_13: 2.54812836647
roll_13: -0.365669637918
height_13: 1.36206388474
