pitch_4: 1.85338115692
roll_4: -0.479214251041
height_4: 1.46341764927
pitch_13: 1.88198435307
roll_13: -0.492219507694
height_13: 1.46320021152
