pitch_4: 2.12081670761
roll_4: -0.373506605625
height_4: 1.34442198277
pitch_13: 2.14983773232
roll_13: -0.387572675943
height_13: 1.34435129166
