pitch_4: 2.23198604584
roll_4: -0.511681497097
height_4: 1.40886068344
pitch_13: 2.26045799255
roll_13: -0.526187419891
height_13: 1.40878427029
