pitch_4: 1.29848766327
roll_4: 0.531764566898
height_4: 1.45854449272
pitch_13: 1.33110451698
roll_13: 0.520951628685
height_13: 1.45845460892
