pitch_4: 2.69686818123
roll_4: 0.0682414770126
height_4: 1.31073236465
pitch_13: 2.72763466835
roll_13: 0.0518891364336
height_13: 1.31104493141
