pitch_4: 2.15296292305
roll_4: -0.434318512678
height_4: 1.33644104004
pitch_13: 2.1817419529
roll_13: -0.448511809111
height_13: 1.33634757996
