pitch_4: 1.90180051327
roll_4: -0.0849549621344
height_4: 1.43687617779
pitch_13: 1.9319665432
roll_13: -0.0981552153826
height_13: 1.43681502342
