pitch_4: 2.02491998672
roll_4: -0.530156254768
height_4: 1.31414866447
pitch_13: 2.05332016945
roll_13: -0.543841421604
height_13: 1.31396555901
