pitch_4: 2.30271744728
roll_4: 0.145065620542
height_4: 1.38508415222
pitch_13: 2.33379173279
roll_13: 0.130274266005
height_13: 1.38527488708
