pitch_4: 2.61429595947
roll_4: -0.209855183959
height_4: 1.28825819492
pitch_13: 2.64396166801
roll_13: -0.225878223777
height_13: 1.28842961788
