pitch_4: 1.90539872646
roll_4: 0.250402420759
height_4: 1.41882991791
pitch_13: 1.93689405918
roll_13: 0.237185046077
height_13: 1.41889286041
