pitch_4: 2.23634672165
roll_4: -0.378519415855
height_4: 1.40102016926
pitch_13: 2.2653465271
roll_13: -0.393043667078
height_13: 1.40098941326
