pitch_4: 1.49254357815
roll_4: -0.101335898042
height_4: 1.42754089832
pitch_13: 1.52264761925
roll_13: -0.112913362682
height_13: 1.42730426788
