pitch_4: 2.46654939651
roll_4: -1.38297128677
height_4: 1.44871008396
pitch_13: 2.49156761169
roll_13: -1.39839982986
height_13: 1.44841659069
