pitch_4: 2.17151355743
roll_4: -0.447352081537
height_4: 1.38786458969
pitch_13: 2.20024108887
roll_13: -0.46161866188
height_13: 1.38778054714
