pitch_4: 2.75811719894
roll_4: 0.0983570590615
height_4: 1.31040251255
pitch_13: 2.78900289536
roll_13: 0.0817619338632
height_13: 1.31076085567
