pitch_4: 3.2269513607
roll_4: -0.411752104759
height_4: 1.21730554104
pitch_13: 3.25581359863
roll_13: -0.430199563503
height_13: 1.21765649319
