pitch_4: 2.12410664558
roll_4: 0.0260403044522
height_4: 1.41908824444
pitch_13: 2.15471053123
roll_13: 0.0119577068835
height_13: 1.41914904118
