pitch_4: 1.67949771881
roll_4: -0.287723779678
height_4: 1.46014451981
pitch_13: 1.70886147022
roll_13: -0.300041168928
height_13: 1.45992326736
