pitch_4: 2.01338195801
roll_4: 0.394906550646
height_4: 1.39493608475
pitch_13: 2.04544973373
roll_13: 0.381259948015
height_13: 1.39509248734
