pitch_4: 2.05218839645
roll_4: -0.0506665892899
height_4: 1.35779762268
pitch_13: 2.08248901367
roll_13: -0.0644634589553
height_13: 1.35780704021
