pitch_4: 1.82828736305
roll_4: 0.224510192871
height_4: 1.42371034622
pitch_13: 1.85968089104
roll_13: 0.211598575115
height_13: 1.42372906208
