pitch_4: 2.57398319244
roll_4: 0.181271269917
height_4: 1.33577346802
pitch_13: 2.60519838333
roll_13: 0.16540491581
height_13: 1.33607447147
