pitch_4: 2.53512263298
roll_4: 0.731007933617
height_4: 1.38651847839
pitch_13: 2.56851649284
roll_13: 0.715290904045
height_13: 1.38699865341
