pitch_4: 2.02275729179
roll_4: -0.430422753096
height_4: 1.32149457932
pitch_13: 2.0515525341
roll_13: -0.444099873304
height_13: 1.32135915756
