pitch_4: 2.12301063538
roll_4: 0.0754902362823
height_4: 1.33715975285
pitch_13: 2.15381073952
roll_13: 0.0614114739001
height_13: 1.33723592758
