pitch_4: 2.15369105339
roll_4: -0.489514768124
height_4: 1.28761982918
pitch_13: 2.18225169182
roll_13: -0.503710329533
height_13: 1.28752231598
