pitch_4: 3.00152420998
roll_4: -1.06448018551
height_4: 1.30589318275
pitch_13: 3.02780294418
roll_13: -1.08203029633
height_13: 1.30592548847
