pitch_4: 2.5109744072
roll_4: -0.462372988462
height_4: 1.40429902077
pitch_13: 2.53963971138
roll_13: -0.477984935045
height_13: 1.40434086323
