pitch_4: 2.14495849609
roll_4: 0.0617662668228
height_4: 1.40274703503
pitch_13: 2.1757042408
roll_13: 0.0476009733975
height_13: 1.40283441544
