pitch_4: 2.13202476501
roll_4: -0.517894387245
height_4: 1.28949964046
pitch_13: 2.16047310829
roll_13: -0.532004117966
height_13: 1.28937745094
