pitch_4: 2.17157530785
roll_4: -0.57992374897
height_4: 1.35571193695
pitch_13: 2.19977736473
roll_13: -0.594189703465
height_13: 1.35557281971
