pitch_4: 1.30995237827
roll_4: 0.412749290466
height_4: 1.4367351532
pitch_13: 1.34209692478
roll_13: 0.401891946793
height_13: 1.43660736084
