pitch_4: 2.07535552979
roll_4: -0.0313279628754
height_4: 1.33312225342
pitch_13: 2.10573244095
roll_13: -0.0452169179916
height_13: 1.33314883709
