pitch_4: 2.16443514824
roll_4: 0.0500931814313
height_4: 1.38827478886
pitch_13: 2.19513440132
roll_13: 0.0358505882323
height_13: 1.38837003708
