pitch_4: 2.64511013031
roll_4: -0.0702625736594
height_4: 1.32975804806
pitch_13: 2.6753282547
roll_13: -0.0864084661007
height_13: 1.33000195026
