pitch_4: 2.80719947815
roll_4: 1.26866304874
height_4: 1.28687763214
pitch_13: 2.84271979332
roll_13: 1.25186407566
height_13: 1.28765547276
