pitch_4: 2.51409316063
roll_4: 0.157685011625
height_4: 1.33522522449
pitch_13: 2.54521584511
roll_13: 0.142055928707
height_13: 1.33548820019
