pitch_4: 2.15810155869
roll_4: -0.102074183524
height_4: 1.44825792313
pitch_13: 2.18819785118
roll_13: -0.116290412843
height_13: 1.44829404354
