pitch_4: 2.20352077484
roll_4: -0.197427213192
height_4: 1.42130053043
pitch_13: 2.23323845863
roll_13: -0.211822792888
height_13: 1.4213155508
