pitch_4: 2.22617149353
roll_4: -0.326732933521
height_4: 1.43007600307
pitch_13: 2.2553768158
roll_13: -0.34121721983
height_13: 1.43006443977
