pitch_4: 1.68313455582
roll_4: -0.132880479097
height_4: 1.42474007607
pitch_13: 1.71311247349
roll_13: -0.145213603973
height_13: 1.42458367348
