pitch_4: 2.32807779312
roll_4: -0.249402672052
height_4: 1.37244915962
pitch_13: 2.35758852959
roll_13: -0.264291614294
height_13: 1.37250602245
