pitch_4: 2.48345017433
roll_4: -0.379408866167
height_4: 1.37421500683
pitch_13: 2.51244497299
roll_13: -0.394912332296
height_13: 1.37427771091
