pitch_4: 2.20196533203
roll_4: 0.0654707327485
height_4: 1.41669678688
pitch_13: 2.23272514343
roll_13: 0.0510793067515
height_13: 1.41681098938
