pitch_4: 2.16810512543
roll_4: -0.302948951721
height_4: 1.38699448109
pitch_13: 2.19740486145
roll_13: -0.317203313112
height_13: 1.38695633411
