pitch_4: 2.53180503845
roll_4: -0.588167488575
height_4: 1.42178225517
pitch_13: 2.55997252464
roll_13: -0.603860795498
height_13: 1.42179358006
