pitch_4: 2.29366183281
roll_4: -0.42357262969
height_4: 1.45919156075
pitch_13: 2.32248330116
roll_13: -0.4383238554
height_13: 1.4591742754
