pitch_4: 2.3514919281
roll_4: -0.0180676467717
height_4: 1.41043925285
pitch_13: 2.38191986084
roll_13: -0.0330508425832
height_13: 1.41060304642
