pitch_4: 2.09728336334
roll_4: -0.270316153765
height_4: 1.41351091862
pitch_13: 2.12671303749
roll_13: -0.284290283918
height_13: 1.41345763206
