pitch_4: 2.95605349541
roll_4: -0.745342373848
height_4: 1.37640333176
pitch_13: 2.98359584808
roll_13: -0.7627145648
height_13: 1.376527071
