pitch_4: 1.85490524769
roll_4: -0.0635791942477
height_4: 1.43805587292
pitch_13: 1.88515603542
roll_13: -0.0765939578414
height_13: 1.4379850626
