pitch_4: 2.15145969391
roll_4: -0.12337628752
height_4: 1.34306693077
pitch_13: 2.18147134781
roll_13: -0.137566193938
height_13: 1.34309363365
