pitch_4: 2.10087895393
roll_4: -0.385092586279
height_4: 1.34389603138
pitch_13: 2.1298532486
roll_13: -0.399079740047
height_13: 1.34380054474
