pitch_4: 2.3061170578
roll_4: -0.400213122368
height_4: 1.33649384975
pitch_13: 2.33503055573
roll_13: -0.415013551712
height_13: 1.33647477627
