pitch_4: 2.18488264084
roll_4: -0.464632421732
height_4: 1.3104467392
pitch_13: 2.21354174614
roll_13: -0.478952080011
height_13: 1.31036448479
