pitch_4: 2.08999872208
roll_4: -0.365003615618
height_4: 1.45585489273
pitch_13: 2.11905312538
roll_13: -0.378947794437
height_13: 1.45576703548
