pitch_4: 1.91654992104
roll_4: -0.520545125008
height_4: 1.33108842373
pitch_13: 1.94498896599
roll_13: -0.533800423145
height_13: 1.33087086678
