pitch_4: 2.03118920326
roll_4: -0.337369710207
height_4: 1.34621286392
pitch_13: 2.06035351753
roll_13: -0.351081043482
height_13: 1.34611165524
