pitch_4: 2.28641152382
roll_4: 0.535314023495
height_4: 1.34614539146
pitch_13: 2.31903266907
roll_13: 0.520584285259
height_13: 1.34645795822
