pitch_4: 2.22267436981
roll_4: -0.298624396324
height_4: 1.4298261404
pitch_13: 2.25199174881
roll_13: -0.313094884157
height_13: 1.42983174324
