pitch_4: 2.114777565
roll_4: -0.0193281471729
height_4: 1.39667546749
pitch_13: 2.14520215988
roll_13: -0.0333733931184
height_13: 1.39671909809
