pitch_4: 2.22529673576
roll_4: -0.505282461643
height_4: 1.40884482861
pitch_13: 2.25379443169
roll_13: -0.51976197958
height_13: 1.40876483917
