pitch_4: 2.16655111313
roll_4: -0.335704535246
height_4: 1.3795235157
pitch_13: 2.19572114944
roll_13: -0.349952042103
height_13: 1.37948334217
