pitch_4: 2.17507457733
roll_4: -0.138284757733
height_4: 1.3416864872
pitch_13: 2.20502686501
roll_13: -0.152568027377
height_13: 1.34171700478
