pitch_4: 2.94082307816
roll_4: -0.662450492382
height_4: 1.36893093586
pitch_13: 2.96869468689
roll_13: -0.679763197899
height_13: 1.36909091473
