pitch_4: 2.17332935333
roll_4: -0.488811522722
height_4: 1.30765283108
pitch_13: 2.20189261436
roll_13: -0.503085076809
height_13: 1.30755543709
