pitch_4: 2.63785719872
roll_4: 0.511456251144
height_4: 1.34512209892
pitch_13: 2.67037987709
roll_13: 0.495334208012
height_13: 1.34557557106
