pitch_4: 2.32274889946
roll_4: -0.398352622986
height_4: 1.40359961987
pitch_13: 2.35166978836
roll_13: -0.413219034672
height_13: 1.40359163284
