pitch_4: 2.24707055092
roll_4: -0.0871407389641
height_4: 1.272102952
pitch_13: 2.27722501755
roll_13: -0.101709805429
height_13: 1.27217125893
