pitch_4: 2.4824385643
roll_4: -0.380290299654
height_4: 1.4094427824
pitch_13: 2.51142978668
roll_13: -0.395789206028
height_13: 1.40951514244
