pitch_4: 3.18698763847
roll_4: 1.09360647202
height_4: 1.18588137627
pitch_13: 3.22180962563
roll_13: 1.07530546188
height_13: 1.18675076962
