pitch_4: 2.17839026451
roll_4: -0.00271671940573
height_4: 1.30580461025
pitch_13: 2.20888018608
roll_13: -0.0170141644776
height_13: 1.3058770895
