pitch_4: 2.2081193924
roll_4: -0.581703007221
height_4: 1.31863236427
pitch_13: 2.23631477356
roll_13: -0.596113502979
height_13: 1.3185236454
