pitch_4: 1.69742333889
roll_4: -0.151134163141
height_4: 1.50906956196
pitch_13: 1.72732853889
roll_13: -0.16352404654
height_13: 1.50890159607
