pitch_4: 2.45897078514
roll_4: -1.57195341587
height_4: 1.46340882778
pitch_13: 2.48323941231
roll_13: -1.58735001087
height_13: 1.46305048466
