pitch_4: 2.40067362785
roll_4: -1.55415213108
height_4: 1.44666516781
pitch_13: 2.4250125885
roll_13: -1.5693179369
height_13: 1.44628000259
