pitch_4: 2.12301492691
roll_4: -0.536393463612
height_4: 1.31450784206
pitch_13: 2.15138983727
roll_13: -0.550466954708
height_13: 1.31438374519
