pitch_4: 1.48887503147
roll_4: 0.336942732334
height_4: 1.46542704105
pitch_13: 1.52071774006
roll_13: 0.325376331806
height_13: 1.46535265446
