pitch_4: 2.63515543938
roll_4: 0.997140169144
height_4: 1.34822380543
pitch_13: 2.66960263252
roll_13: 0.981024801731
height_13: 1.34884142876
