pitch_4: 1.63809072971
roll_4: -0.125589266419
height_4: 1.4182510376
pitch_13: 1.66809749603
roll_13: -0.13774394989
height_13: 1.41806018353
