pitch_4: 2.24393892288
roll_4: -0.286293238401
height_4: 1.40442490578
pitch_13: 2.2733039856
roll_13: -0.300848305225
height_13: 1.40442085266
