pitch_4: 2.22484183311
roll_4: 0.111109122634
height_4: 1.3815997839
pitch_13: 2.25578188896
roll_13: 0.0966266766191
height_13: 1.38174080849
