pitch_4: 2.3014690876
roll_4: -0.401338756084
height_4: 1.45638310909
pitch_13: 2.33037853241
roll_13: -0.416120588779
height_13: 1.45639061928
