pitch_4: 2.21861004829
roll_4: -0.251892775297
height_4: 1.36200273037
pitch_13: 2.24811220169
roll_13: -0.266347706318
height_13: 1.36201393604
