pitch_4: 2.08856582642
roll_4: -0.02990934439
height_4: 1.32652521133
pitch_13: 2.11894869804
roll_13: -0.0438505858183
height_13: 1.32656335831
