pitch_4: 2.10334253311
roll_4: -0.180261820555
height_4: 1.41261446476
pitch_13: 2.13312935829
roll_13: -0.194260627031
height_13: 1.41259896755
