pitch_4: 2.37962651253
roll_4: -0.444260776043
height_4: 1.44124782085
pitch_13: 2.40836501122
roll_13: -0.459352225065
height_13: 1.44125914574
