pitch_4: 2.72435951233
roll_4: 0.695542931557
height_4: 1.38023519516
pitch_13: 2.75761032104
roll_13: 0.679076433182
height_13: 1.38076877594
