pitch_4: 1.98530697823
roll_4: -0.149705439806
height_4: 1.43338561058
pitch_13: 2.01521587372
roll_13: -0.163236141205
height_13: 1.43333959579
