pitch_4: 1.91551291943
roll_4: -0.248239830136
height_4: 1.45243811607
pitch_13: 1.9450315237
roll_13: -0.261493355036
height_13: 1.45232713223
