pitch_4: 2.24086093903
roll_4: -0.513016343117
height_4: 1.40817892551
pitch_13: 2.26932811737
roll_13: -0.527557492256
height_13: 1.40810227394
