pitch_4: 2.86098027229
roll_4: 0.0124000627548
height_4: 1.34914779663
pitch_13: 2.89152431488
roll_13: -0.00460193632171
height_13: 1.34950625896
