pitch_4: 3.29523396492
roll_4: 0.963474690914
height_4: 1.17475914955
pitch_13: 3.32953929901
roll_13: 0.944746315479
height_13: 1.17563617229
