pitch_4: 2.88785624504
roll_4: 1.35148131847
height_4: 1.26291382313
pitch_13: 2.92370390892
roll_13: 1.33436226845
height_13: 1.26375281811
