pitch_4: 2.10670804977
roll_4: -0.494257599115
height_4: 1.4649169445
pitch_13: 2.13524985313
roll_13: -0.508267045021
height_13: 1.4647872448
