pitch_4: 2.08151888847
roll_4: -0.433902800083
height_4: 1.31138563156
pitch_13: 2.11030006409
roll_13: -0.447812914848
height_13: 1.31127488613
