pitch_4: 2.80639719963
roll_4: 0.609334409237
height_4: 1.3406431675
pitch_13: 2.83930635452
roll_13: 0.592543721199
height_13: 1.34119212627
