pitch_4: 1.44646048546
roll_4: 0.447509795427
height_4: 1.51969790459
pitch_13: 1.47874176502
roll_13: 0.436110764742
height_13: 1.51964831352
