pitch_4: 2.15936779976
roll_4: -0.0606648549438
height_4: 1.37740063667
pitch_13: 2.1896276474
roll_13: -0.0748864039779
height_13: 1.37745571136
