pitch_4: 2.0294470787
roll_4: 0.520529210567
height_4: 1.42528915405
pitch_13: 2.06201219559
roll_13: 0.506817817688
height_13: 1.4254912138
