pitch_4: 2.04356002808
roll_4: -0.353084504604
height_4: 1.34359383583
pitch_13: 2.07266163826
roll_13: -0.366844683886
height_13: 1.3434946537
