pitch_4: 2.23606061935
roll_4: -0.234070777893
height_4: 1.38488984108
pitch_13: 2.26563286781
roll_13: -0.248595029116
height_13: 1.38490116596
