pitch_4: 1.75353848934
roll_4: -0.100857391953
height_4: 1.43371522427
pitch_13: 1.78364264965
roll_13: -0.113469809294
height_13: 1.43358922005
