pitch_4: 2.52782320976
roll_4: -1.66750359535
height_4: 1.44862020016
pitch_13: 2.55171322823
roll_13: -1.68317234516
height_13: 1.44825816154
