pitch_4: 2.44865965843
roll_4: -0.480967342854
height_4: 1.41891825199
pitch_13: 2.47725224495
roll_13: -0.496332168579
height_13: 1.41893732548
