pitch_4: 2.06022930145
roll_4: 0.545560359955
height_4: 1.42426514626
pitch_13: 2.09289336205
roll_13: 0.531726896763
height_13: 1.42449009418
