pitch_4: 2.07227492332
roll_4: -0.652698516846
height_4: 1.3470197916
pitch_13: 2.10018920898
roll_13: -0.666570365429
height_13: 1.34682512283
