pitch_4: 2.21557474136
roll_4: -0.0123616484925
height_4: 1.28640949726
pitch_13: 2.24602556229
roll_13: -0.0268064141273
height_13: 1.28650081158
