pitch_4: 2.1203289032
roll_4: -0.368383288383
height_4: 1.45692360401
pitch_13: 2.14936947823
roll_13: -0.382447659969
height_13: 1.4568529129
