pitch_4: 2.42068076134
roll_4: -1.4884185791
height_4: 1.4561085701
pitch_13: 2.44528102875
roll_13: -1.50366389751
height_13: 1.45576536655
