pitch_4: 1.90324783325
roll_4: 0.254491776228
height_4: 1.40729653835
pitch_13: 1.93475949764
roll_13: 0.241283014417
height_13: 1.40736496449
