pitch_4: 2.08834052086
roll_4: -0.0893419235945
height_4: 1.35411047935
pitch_13: 2.11848783493
roll_13: -0.103281863034
height_13: 1.35412192345
