pitch_4: 2.10416197777
roll_4: -0.472888112068
height_4: 1.33613789082
pitch_13: 2.13278889656
roll_13: -0.486887693405
height_13: 1.3360196352
