pitch_4: 2.4363553524
roll_4: -0.10504129529
height_4: 1.33125948906
pitch_13: 2.46643733978
roll_13: -0.12035997957
height_13: 1.33141946793
