pitch_4: 2.2831428051
roll_4: -0.136307775974
height_4: 1.26957857609
pitch_13: 2.31310248375
roll_13: -0.151019245386
height_13: 1.26964342594
