pitch_4: 2.15929555893
roll_4: -0.178862020373
height_4: 1.34263503551
pitch_13: 2.18908715248
roll_13: -0.193082690239
height_13: 1.34263491631
