pitch_4: 2.14711022377
roll_4: -0.461634844542
height_4: 1.46185791492
pitch_13: 2.17578101158
roll_13: -0.475804567337
height_13: 1.46175277233
