pitch_4: 2.63849687576
roll_4: 0.660773992538
height_4: 1.35195982456
pitch_13: 2.67161107063
roll_13: 0.644648194313
height_13: 1.35245156288
