pitch_4: 2.15036654472
roll_4: -0.0884073525667
height_4: 1.4499796629
pitch_13: 2.18051695824
roll_13: -0.102593123913
height_13: 1.45001757145
