pitch_4: 2.18065714836
roll_4: -0.4607000947
height_4: 1.28736257553
pitch_13: 2.20933222771
roll_13: -0.475002616644
height_13: 1.28729379177
