pitch_4: 2.14001441002
roll_4: 0.44221791625
height_4: 1.40849268436
pitch_13: 2.17226791382
roll_13: 0.428069025278
height_13: 1.40872132778
