pitch_4: 2.86253929138
roll_4: -0.0218704268336
height_4: 1.34914398193
pitch_13: 2.8929476738
roll_13: -0.0388780832291
height_13: 1.34948718548
