pitch_4: 2.11822247505
roll_4: -0.390286356211
height_4: 1.44068360329
pitch_13: 2.14717674255
roll_13: -0.404342144728
height_13: 1.44061291218
