pitch_4: 2.92946434021
roll_4: -0.248006612062
height_4: 1.35029363632
pitch_13: 2.95897674561
roll_13: -0.26527774334
height_13: 1.3505833149
