pitch_4: 2.17725229263
roll_4: -0.0869039297104
height_4: 1.4147387743
pitch_13: 2.20740842819
roll_13: -0.101196207106
height_13: 1.41478824615
