pitch_4: 2.11461114883
roll_4: -0.0766463726759
height_4: 1.35550093651
pitch_13: 2.14480876923
roll_13: -0.090690523386
height_13: 1.35552752018
