pitch_4: 2.06631326675
roll_4: -0.362779855728
height_4: 1.34923446178
pitch_13: 2.09537649155
roll_13: -0.376630276442
height_13: 1.34913527966
