pitch_4: 2.08701705933
roll_4: 0.32241410017
height_4: 1.37939703465
pitch_13: 2.11879634857
roll_13: 0.308476269245
height_13: 1.37954568863
