pitch_4: 1.63154470921
roll_4: -0.136352524161
height_4: 1.46583998203
pitch_13: 1.66150856018
roll_13: -0.148481026292
height_13: 1.46564912796
