pitch_4: 2.17260479927
roll_4: -0.195147931576
height_4: 1.44182384014
pitch_13: 2.20233178139
roll_13: -0.209420904517
height_13: 1.44184279442
