pitch_4: 2.64015340805
roll_4: -1.73230361938
height_4: 1.41109704971
pitch_13: 2.66378545761
roll_13: -1.74841725826
height_13: 1.41074240208
