pitch_4: 2.61525917053
roll_4: -0.74178147316
height_4: 1.44119942188
pitch_13: 2.64281725883
roll_13: -0.757803797722
height_13: 1.44119167328
