pitch_4: 2.19160056114
roll_4: -0.531515181065
height_4: 1.31262385845
pitch_13: 2.21999406815
roll_13: -0.54586070776
height_13: 1.31251490116
