pitch_4: 1.74339425564
roll_4: -0.0831027403474
height_4: 1.46808183193
pitch_13: 1.77356886864
roll_13: -0.0956751927733
height_13: 1.46795213223
