pitch_4: 2.16872501373
roll_4: -0.250825375319
height_4: 1.44324862957
pitch_13: 2.19823145866
roll_13: -0.26508256793
height_13: 1.44323718548
