pitch_4: 2.54745125771
roll_4: 0.180345028639
height_4: 1.33516359329
pitch_13: 2.57866358757
roll_13: 0.16458337009
height_13: 1.33546459675
