pitch_4: 2.00932407379
roll_4: -0.206098839641
height_4: 1.40996277332
pitch_13: 2.03900885582
roll_13: -0.219724521041
height_13: 1.40989589691
