pitch_4: 2.13757133484
roll_4: -0.0886368229985
height_4: 1.38809871674
pitch_13: 2.1677210331
roll_13: -0.102771863341
height_13: 1.38812887669
