pitch_4: 2.11286377907
roll_4: -0.479726076126
height_4: 1.46568739414
pitch_13: 2.14146304131
roll_13: -0.493760198355
height_13: 1.46556723118
