pitch_4: 2.126704216
roll_4: -0.00891006272286
height_4: 1.42278933525
pitch_13: 2.1571700573
roll_13: -0.023002596572
height_13: 1.42284655571
