pitch_4: 2.42687797546
roll_4: -0.260824412107
height_4: 1.35132229328
pitch_13: 2.45634293556
roll_13: -0.276104360819
height_13: 1.3514097929
