pitch_4: 2.27855348587
roll_4: -0.0777041316032
height_4: 1.26993465424
pitch_13: 2.30874538422
roll_13: -0.0923978164792
height_13: 1.27003383636
