pitch_4: 2.91528153419
roll_4: -0.632216513157
height_4: 1.37161839008
pitch_13: 2.94327282906
roll_13: -0.649427890778
height_13: 1.37178218365
