pitch_4: 2.41460251808
roll_4: -0.276384234428
height_4: 1.41511785984
pitch_13: 2.44400548935
roll_13: -0.29161554575
height_13: 1.41519010067
