pitch_4: 2.20585632324
roll_4: -0.425671130419
height_4: 1.33934783936
pitch_13: 2.23466944695
roll_13: -0.440074026585
height_13: 1.33929240704
