pitch_4: 2.99793601036
roll_4: -1.61145961285
height_4: 1.32490372658
pitch_13: 3.02204751968
roll_13: -1.62899053097
height_13: 1.32474350929
