pitch_4: 2.19130015373
roll_4: 0.0469904281199
height_4: 1.38367342949
pitch_13: 2.22198700905
roll_13: 0.0326414629817
height_13: 1.38376867771
