pitch_4: 2.56932997704
roll_4: 0.619296073914
height_4: 1.37668037415
pitch_13: 2.6022810936
roll_13: 0.603444635868
height_13: 1.37712657452
