pitch_4: 2.17783236504
roll_4: -0.105171553791
height_4: 1.34784710407
pitch_13: 2.20791625977
roll_13: -0.119465753436
height_13: 1.34788882732
