pitch_4: 2.97791147232
roll_4: -0.715408205986
height_4: 1.3715955019
pitch_13: 3.00557303429
roll_13: -0.732867121696
height_13: 1.37175357342
