pitch_4: 2.47635316849
roll_4: -0.179969012737
height_4: 1.34831511974
pitch_13: 2.50613808632
roll_13: -0.195445895195
height_13: 1.34844839573
