pitch_4: 2.38765501976
roll_4: 0.20186200738
height_4: 1.3913756609
pitch_13: 2.41895365715
roll_13: 0.186733543873
height_13: 1.39160811901
