pitch_4: 2.08059096336
roll_4: -0.402766913176
height_4: 1.31893289089
pitch_13: 2.10949587822
roll_13: -0.416673630476
height_13: 1.31883358955
