pitch_4: 3.20238900185
roll_4: 0.475590348244
height_4: 1.19120967388
pitch_13: 3.23476362228
roll_13: 0.457233011723
height_13: 1.19186151028
