pitch_4: 2.24440431595
roll_4: -0.63286113739
height_4: 1.33147680759
pitch_13: 2.27239656448
roll_13: -0.647415161133
height_13: 1.33136427402
