pitch_4: 2.47271823883
roll_4: -1.33599185944
height_4: 1.4482678175
pitch_13: 2.4979224205
roll_13: -1.35144519806
height_13: 1.44799339771
