pitch_4: 2.13236904144
roll_4: -0.437858223915
height_4: 1.34239423275
pitch_13: 2.16113448143
roll_13: -0.451970100403
height_13: 1.34229874611
