pitch_4: 2.16911053658
roll_4: -0.563657224178
height_4: 1.46217525005
pitch_13: 2.1973772049
roll_13: -0.577913343906
height_13: 1.46205306053
