pitch_4: 2.04158186913
roll_4: 0.399277865887
height_4: 1.38409030437
pitch_13: 2.07366657257
roll_13: 0.38551941514
height_13: 1.38425421715
