pitch_4: 3.06350660324
roll_4: -1.6183873415
height_4: 1.32308101654
pitch_13: 3.08759093285
roll_13: -1.63617777824
height_13: 1.32294750214
