pitch_4: 2.42217087746
roll_4: -0.350702434778
height_4: 1.41216123104
pitch_13: 2.4512796402
roll_13: -0.365963071585
height_13: 1.41221451759
