pitch_4: 1.68486368656
roll_4: -0.215328276157
height_4: 1.50157773495
pitch_13: 1.71451413631
roll_13: -0.227667525411
height_13: 1.50137901306
