pitch_4: 2.59152317047
roll_4: 0.171786606312
height_4: 1.335927248
pitch_13: 2.62270092964
roll_13: 0.15585103631
height_13: 1.33623981476
