pitch_4: 2.40922522545
roll_4: -0.333160310984
height_4: 1.40719664097
pitch_13: 2.43840408325
roll_13: -0.348369807005
height_13: 1.40725004673
