pitch_4: 2.12227630615
roll_4: -0.113003209233
height_4: 1.3490909338
pitch_13: 2.15232944489
roll_13: -0.127077490091
height_13: 1.34910786152
