pitch_4: 2.12469673157
roll_4: -0.208287134767
height_4: 1.4012336731
pitch_13: 2.15437197685
roll_13: -0.222370356321
height_13: 1.40121459961
