pitch_4: 2.258279562
roll_4: -0.0815317481756
height_4: 1.34060251713
pitch_13: 2.28845643997
roll_13: -0.0961452201009
height_13: 1.34069001675
