pitch_4: 2.56529402733
roll_4: -0.485999315977
height_4: 1.40153157711
pitch_13: 2.59386610985
roll_13: -0.501825869083
height_13: 1.4015982151
