pitch_4: 1.3317207098
roll_4: 0.497950106859
height_4: 1.46799504757
pitch_13: 1.36420321465
roll_13: 0.487005740404
height_13: 1.46790516376
