pitch_4: 1.84023082256
roll_4: -0.0387908779085
height_4: 1.44209980965
pitch_13: 1.87058019638
roll_13: -0.0517479144037
height_13: 1.442019701
