pitch_4: 2.17945551872
roll_4: -0.00776105560362
height_4: 1.40286445618
pitch_13: 2.20992541313
roll_13: -0.022062772885
height_13: 1.40294265747
