pitch_4: 2.79457712173
roll_4: 1.16841888428
height_4: 1.29073953629
pitch_13: 2.82970070839
roll_13: 1.15167081356
height_13: 1.29147922993
