pitch_4: 2.13109493256
roll_4: 0.0232579782605
height_4: 1.37904417515
pitch_13: 2.16168808937
roll_13: 0.00914762914181
height_13: 1.3791166544
