pitch_4: 2.13822793961
roll_4: 0.185368329287
height_4: 1.37905013561
pitch_13: 2.16946363449
roll_13: 0.171228557825
height_13: 1.3791834116
