pitch_4: 2.42125272751
roll_4: -0.247638747096
height_4: 1.30402624607
pitch_13: 2.45077013969
roll_13: -0.262896627188
height_13: 1.3041216135
