pitch_4: 2.19074106216
roll_4: -0.297712206841
height_4: 1.28768646717
pitch_13: 2.22006106377
roll_13: -0.312056481838
height_13: 1.28766167164
