pitch_4: 2.77558708191
roll_4: 1.18910229206
height_4: 1.29671561718
pitch_13: 2.81079316139
roll_13: 1.17242920399
height_13: 1.29744768143
