pitch_4: 3.2100944519
roll_4: -1.50100517273
height_4: 1.30657863617
pitch_13: 3.23464417458
roll_13: -1.51937711239
height_13: 1.30654227734
