pitch_4: 2.34840774536
roll_4: -0.260008782148
height_4: 1.37409245968
pitch_13: 2.37787652016
roll_13: -0.274977743626
height_13: 1.37414562702
