pitch_4: 2.189661026
roll_4: -0.29128319025
height_4: 1.39281082153
pitch_13: 2.21900653839
roll_13: -0.305622905493
height_13: 1.39279162884
