pitch_4: 2.87966585159
roll_4: -0.0143407499418
height_4: 1.31453597546
pitch_13: 2.91010403633
roll_13: -0.0314161926508
height_13: 1.31490194798
