pitch_4: 2.22858500481
roll_4: -0.0915823504329
height_4: 1.3446803093
pitch_13: 2.25872206688
roll_13: -0.106078125536
height_13: 1.34474122524
