pitch_4: 2.6643140316
roll_4: 0.449939906597
height_4: 1.34644579887
pitch_13: 2.69659304619
roll_13: 0.433714002371
height_13: 1.34687662125
