pitch_4: 2.15848922729
roll_4: -0.228300631046
height_4: 1.38971185684
pitch_13: 2.18808484077
roll_13: -0.242517396808
height_13: 1.38971161842
