pitch_4: 2.58938741684
roll_4: 0.182474538684
height_4: 1.33703911304
pitch_13: 2.62060761452
roll_13: 0.166547372937
height_13: 1.33735918999
