pitch_4: 2.16846632957
roll_4: -0.0568122081459
height_4: 1.40844607353
pitch_13: 2.19874167442
roll_13: -0.0710699781775
height_13: 1.40850317478
