pitch_4: 1.76880419254
roll_4: -0.0730827525258
height_4: 1.42560124397
pitch_13: 1.79901850224
roll_13: -0.0857558250427
height_13: 1.42549622059
