pitch_4: 2.40009379387
roll_4: -1.53733384609
height_4: 1.44608581066
pitch_13: 2.42449951172
roll_13: -1.55249774456
height_13: 1.44570851326
