pitch_4: 2.06300091743
roll_4: -0.596799015999
height_4: 1.27861917019
pitch_13: 2.09113669395
roll_13: -0.610634148121
height_13: 1.27843594551
