pitch_4: 2.31678509712
roll_4: 0.345578283072
height_4: 1.39650452137
pitch_13: 2.34865403175
roll_13: 0.330729573965
height_13: 1.39676368237
