pitch_4: 2.25677227974
roll_4: -0.330001592636
height_4: 1.33999764919
pitch_13: 2.28596448898
roll_13: -0.344607204199
height_13: 1.33998978138
