pitch_4: 3.25081586838
roll_4: 0.823089897633
height_4: 1.19668567181
pitch_13: 3.28456616402
roll_13: 0.804538369179
height_13: 1.19749414921
