pitch_4: 3.01516222954
roll_4: -0.202335163951
height_4: 1.33945631981
pitch_13: 3.04485487938
roll_13: -0.219946116209
height_13: 1.33979940414
