pitch_4: 2.92957115173
roll_4: 1.46194076538
height_4: 1.25299429893
pitch_13: 2.96585583687
roll_13: 1.44465565681
height_13: 1.25388658047
