pitch_4: 2.50819611549
roll_4: -0.379850029945
height_4: 1.37329769135
pitch_13: 2.53718852997
roll_13: -0.395451396704
height_13: 1.37336814404
