pitch_4: 2.01098108292
roll_4: -0.145506069064
height_4: 1.4225615263
pitch_13: 2.04090642929
roll_13: -0.159138903022
height_13: 1.42252528667
