pitch_4: 2.25285029411
roll_4: -0.0307782609016
height_4: 1.3918337822
pitch_13: 2.28322839737
roll_13: -0.0453706271946
height_13: 1.3919365406
