pitch_4: 2.13937807083
roll_4: -0.240255057812
height_4: 1.34467601776
pitch_13: 2.16892647743
roll_13: -0.254396051168
height_13: 1.34465682507
