pitch_4: 2.27346944809
roll_4: -0.167176514864
height_4: 1.38643336296
pitch_13: 2.30330657959
roll_13: -0.181849583983
height_13: 1.3864865303
