pitch_4: 2.22528266907
roll_4: -0.661137580872
height_4: 1.32894265652
pitch_13: 2.25316262245
roll_13: -0.675615549088
height_13: 1.32881104946
