pitch_4: 2.85191369057
roll_4: 1.31054639816
height_4: 1.2737364769
pitch_13: 2.88759994507
roll_13: 1.29357004166
height_13: 1.2745449543
