pitch_4: 1.85989487171
roll_4: -0.182795226574
height_4: 1.42597198486
pitch_13: 1.88967335224
roll_13: -0.195828720927
height_13: 1.42585754395
