pitch_4: 2.22931933403
roll_4: -0.292648017406
height_4: 1.45132005215
pitch_13: 2.25865960121
roll_13: -0.307144999504
height_13: 1.45131242275
