pitch_4: 2.1515276432
roll_4: -0.366733074188
height_4: 1.43864440918
pitch_13: 2.18057465553
roll_13: -0.380921244621
height_13: 1.43858325481
