pitch_4: 2.16072392464
roll_4: -0.298298299313
height_4: 1.28793883324
pitch_13: 2.19004249573
roll_13: -0.312523633242
height_13: 1.28791201115
