pitch_4: 2.67890667915
roll_4: 0.0528434179723
height_4: 1.30688047409
pitch_13: 2.70961260796
roll_13: 0.0365626290441
height_13: 1.30718159676
