pitch_4: 2.23876237869
roll_4: -0.562185764313
height_4: 1.46446073055
pitch_13: 2.26703453064
roll_13: -0.576718091965
height_13: 1.46436333656
