pitch_4: 2.26995754242
roll_4: -0.0638911351562
height_4: 1.38417458534
pitch_13: 2.30020427704
roll_13: -0.0785510838032
height_13: 1.38427352905
