pitch_4: 2.19341158867
roll_4: -0.0908186733723
height_4: 1.34379911423
pitch_13: 2.22355222702
roll_13: -0.105175033212
height_13: 1.34384858608
