pitch_4: 2.27571511269
roll_4: -0.219843626022
height_4: 1.26641821861
pitch_13: 2.30534410477
roll_13: -0.234524995089
height_13: 1.26646769047
