pitch_4: 2.20702171326
roll_4: -0.369549542665
height_4: 1.45683121681
pitch_13: 2.23605728149
roll_13: -0.383957386017
height_13: 1.45680248737
