pitch_4: 2.06441164017
roll_4: -0.0130847804248
height_4: 1.43278300762
pitch_13: 2.09486079216
roll_13: -0.0269303824753
height_13: 1.43281340599
