pitch_4: 2.09499001503
roll_4: -0.33220988512
height_4: 1.41145205498
pitch_13: 2.12417435646
roll_13: -0.346174150705
height_13: 1.41137957573
