pitch_4: 2.69543004036
roll_4: -0.690740942955
height_4: 1.4071791172
pitch_13: 2.7231900692
roll_13: -0.707081615925
height_13: 1.40722107887
