pitch_4: 2.20269536972
roll_4: -0.235840216279
height_4: 1.44180464745
pitch_13: 2.23226070404
roll_13: -0.250232160091
height_13: 1.44181382656
