pitch_4: 2.34254550934
roll_4: -0.329237043858
height_4: 1.42097663879
pitch_13: 2.37173938751
roll_13: -0.344182372093
height_13: 1.42099559307
