pitch_4: 1.37164640427
roll_4: 0.397025287151
height_4: 1.42320513725
pitch_13: 1.4037283659
roll_13: 0.385923236609
height_13: 1.42310202122
