pitch_4: 2.06592583656
roll_4: -0.0096044568345
height_4: 1.38706851006
pitch_13: 2.09638905525
roll_13: -0.0234560202807
height_13: 1.38710069656
