pitch_4: 1.4468575716
roll_4: 0.356349736452
height_4: 1.47800648212
pitch_13: 1.4787774086
roll_13: 0.344949632883
height_13: 1.47791111469
