pitch_4: 2.21688961983
roll_4: -0.15345081687
height_4: 1.40925586224
pitch_13: 2.24678134918
roll_13: -0.167899951339
height_13: 1.40928256512
