pitch_4: 3.24858117104
roll_4: 0.13549336791
height_4: 1.18364977837
pitch_13: 3.27960944176
roll_13: 0.116955719888
height_13: 1.18420672417
