pitch_4: 2.75907421112
roll_4: 1.15522968769
height_4: 1.30867433548
pitch_13: 2.79414653778
roll_13: 1.13862228394
height_13: 1.30939114094
