pitch_4: 2.3042037487
roll_4: -0.109894245863
height_4: 1.33022964001
pitch_13: 2.33426737785
roll_13: -0.124689221382
height_13: 1.33032274246
