pitch_4: 2.64662742615
roll_4: 0.00363031472079
height_4: 1.30052673817
pitch_13: 2.67713809013
roll_13: -0.012522210367
height_13: 1.30079746246
