pitch_4: 1.90880644321
roll_4: 0.179511040449
height_4: 1.43489384651
pitch_13: 1.94002079964
roll_13: 0.166280701756
height_13: 1.43493008614
