pitch_4: 2.22623634338
roll_4: -0.400763511658
height_4: 1.38706243038
pitch_13: 2.25514817238
roll_13: -0.415247559547
height_13: 1.38702023029
