pitch_4: 2.10349369049
roll_4: -0.368682295084
height_4: 1.39520132542
pitch_13: 2.13253378868
roll_13: -0.382679998875
height_13: 1.39512479305
