pitch_4: 2.32407188416
roll_4: 0.581402957439
height_4: 1.34113228321
pitch_13: 2.35687541962
roll_13: 0.566523611546
height_13: 1.34148275852
