pitch_4: 2.56681132317
roll_4: -1.67747247219
height_4: 1.44684064388
pitch_13: 2.59066104889
roll_13: -1.69329571724
height_13: 1.44647479057
