pitch_4: 1.62179839611
roll_4: 0.411261111498
height_4: 1.42039942741
pitch_13: 1.65393447876
roll_13: 0.399167090654
height_13: 1.42040324211
