pitch_4: 2.17019629478
roll_4: -0.677745521069
height_4: 1.44676589966
pitch_13: 2.19801020622
roll_13: -0.692004799843
height_13: 1.44660747051
