pitch_4: 2.14657139778
roll_4: -0.00399480806664
height_4: 1.41485965252
pitch_13: 2.17705607414
roll_13: -0.0181662589312
height_13: 1.41492247581
