pitch_4: 2.07423448563
roll_4: -0.545912504196
height_4: 1.31453835964
pitch_13: 2.10257172585
roll_13: -0.559792816639
height_13: 1.31437802315
