pitch_4: 2.04071211815
roll_4: -0.11981099844
height_4: 1.4241631031
pitch_13: 2.07073879242
roll_13: -0.133561909199
height_13: 1.42414009571
