pitch_4: 2.24342775345
roll_4: -0.59243029356
height_4: 1.32412922382
pitch_13: 2.27157950401
roll_13: -0.606980800629
height_13: 1.32402420044
