pitch_4: 2.11337423325
roll_4: -0.322417497635
height_4: 1.4150428772
pitch_13: 2.1425974369
roll_13: -0.336454749107
height_13: 1.41497814655
