pitch_4: 2.1779294014
roll_4: -0.0463629215956
height_4: 1.41384148598
pitch_13: 2.20824599266
roll_13: -0.0606582835317
height_13: 1.41390049458
