pitch_4: 2.27672600746
roll_4: 0.293013244867
height_4: 1.39304971695
pitch_13: 2.30838727951
roll_13: 0.278323978186
height_13: 1.39328980446
