pitch_4: 3.07127141953
roll_4: -1.04448354244
height_4: 1.29410529137
pitch_13: 3.09762907028
roll_13: -1.06230950356
height_13: 1.29417181015
