pitch_4: 1.63960826397
roll_4: 0.0512756295502
height_4: 1.52167165279
pitch_13: 1.67031657696
roll_13: 0.0391137823462
height_13: 1.52154946327
