pitch_4: 2.44993448257
roll_4: -0.247286945581
height_4: 1.35152435303
pitch_13: 2.47945261002
roll_13: -0.262658715248
height_13: 1.35162711143
