pitch_4: 2.18399071693
roll_4: -0.349243551493
height_4: 1.43689715862
pitch_13: 2.21310710907
roll_13: -0.363560587168
height_13: 1.43685519695
