pitch_4: 2.16237783432
roll_4: -0.038697771728
height_4: 1.40396094322
pitch_13: 2.19272518158
roll_13: -0.0529314614832
height_13: 1.40402746201
