pitch_4: 3.02649092674
roll_4: 1.52042031288
height_4: 1.23068249226
pitch_13: 3.06300520897
roll_13: 1.50275099277
height_13: 1.23164319992
