pitch_4: 2.4099676609
roll_4: -0.320383995771
height_4: 1.41681396961
pitch_13: 2.43919658661
roll_13: -0.335596591234
height_13: 1.41688239574
