pitch_4: 1.39644777775
roll_4: -0.116390578449
height_4: 1.55200254917
pitch_13: 1.42649281025
roll_13: -0.127586752176
height_13: 1.55172765255
