pitch_4: 2.15747094154
roll_4: -0.139162674546
height_4: 1.45175695419
pitch_13: 2.18742060661
roll_13: -0.153376042843
height_13: 1.45178723335
