pitch_4: 1.96246683598
roll_4: -0.172111868858
height_4: 1.43051350117
pitch_13: 1.99228656292
roll_13: -0.185552358627
height_13: 1.43044471741
