pitch_4: 2.31063699722
roll_4: -0.354902088642
height_4: 1.39985501766
pitch_13: 2.33973002434
roll_13: -0.369720906019
height_13: 1.39986622334
