pitch_4: 2.55776667595
roll_4: 0.724127113819
height_4: 1.34181129932
pitch_13: 2.59113287926
roll_13: 0.708320498466
height_13: 1.34229910374
