pitch_4: 2.30433225632
roll_4: -0.0453332103789
height_4: 1.41438579559
pitch_13: 2.33465194702
roll_13: -0.0601295568049
height_13: 1.41449260712
