pitch_4: 3.22744703293
roll_4: 0.423970848322
height_4: 1.17876052856
pitch_13: 3.25961732864
roll_13: 0.405514925718
height_13: 1.17941260338
