pitch_4: 1.59382486343
roll_4: 0.403640210629
height_4: 1.4308052063
pitch_13: 1.62593090534
roll_13: 0.391657054424
height_13: 1.43079161644
