pitch_4: 2.19357228279
roll_4: -0.221851304173
height_4: 1.42508018017
pitch_13: 2.22319340706
roll_13: -0.236207291484
height_13: 1.42508590221
