pitch_4: 2.09589767456
roll_4: 0.0468591824174
height_4: 1.41713178158
pitch_13: 2.12658429146
roll_13: 0.0328882783651
height_13: 1.41718876362
