pitch_4: 3.01130604744
roll_4: -0.196390509605
height_4: 1.33791923523
pitch_13: 3.04102230072
roll_13: -0.213985800743
height_13: 1.33827018738
