pitch_4: 3.14293408394
roll_4: -0.46416425705
height_4: 1.23103272915
pitch_13: 3.17158937454
roll_13: -0.482278734446
height_13: 1.23133766651
