pitch_4: 2.28502941132
roll_4: -0.368538349867
height_4: 1.40916085243
pitch_13: 2.31406879425
roll_13: -0.383255511522
height_13: 1.40915691853
