pitch_4: 2.20477366447
roll_4: -0.23654513061
height_4: 1.41860926151
pitch_13: 2.23433637619
roll_13: -0.250945299864
height_13: 1.41861665249
