pitch_4: 2.26163554192
roll_4: -0.238180086017
height_4: 1.34572184086
pitch_13: 2.29119157791
roll_13: -0.252805739641
height_13: 1.34575426579
