pitch_4: 2.08441495895
roll_4: -0.417678534985
height_4: 1.32319259644
pitch_13: 2.113260746
roll_13: -0.431600272655
height_13: 1.32308745384
