pitch_4: 2.2255795002
roll_4: -0.157177492976
height_4: 1.36852538586
pitch_13: 2.2554564476
roll_13: -0.171660810709
height_13: 1.36855971813
