pitch_4: 1.9873251915
roll_4: -0.132936522365
height_4: 1.35479462147
pitch_13: 2.01730036736
roll_13: -0.146475553513
height_13: 1.35474872589
