pitch_4: 2.31404805183
roll_4: -0.542738139629
height_4: 1.44940245152
pitch_13: 2.34239697456
roll_13: -0.557568788528
height_13: 1.44934511185
