pitch_4: 2.33629870415
roll_4: 0.249436914921
height_4: 1.38782143593
pitch_13: 2.36778688431
roll_13: 0.234511762857
height_13: 1.38805770874
