pitch_4: 2.92287254333
roll_4: -0.268622219563
height_4: 1.3517113924
pitch_13: 2.95230317116
roll_13: -0.28586730361
height_13: 1.35198581219
