pitch_4: 2.57237792015
roll_4: 0.563790619373
height_4: 1.37706744671
pitch_13: 2.60510849953
roll_13: 0.547927260399
height_13: 1.37750196457
