pitch_4: 2.14336895943
roll_4: -0.0534620806575
height_4: 1.44432771206
pitch_13: 2.17365813255
roll_13: -0.0676201805472
height_13: 1.44437158108
