pitch_4: 1.62917673588
roll_4: -0.243925064802
height_4: 1.49726784229
pitch_13: 1.65871441364
roll_13: -0.256043165922
height_13: 1.49703121185
