pitch_4: 2.03304433823
roll_4: -0.338694930077
height_4: 1.34389913082
pitch_13: 2.06220364571
roll_13: -0.352413803339
height_13: 1.34379601479
