pitch_4: 3.28862166405
roll_4: 1.06517839432
height_4: 1.16962039471
pitch_13: 3.3233294487
roll_13: 1.04647529125
height_13: 1.17053556442
