pitch_4: 2.35825824738
roll_4: -0.415028840303
height_4: 1.41328597069
pitch_13: 2.38711261749
roll_13: -0.430035948753
height_13: 1.41328978539
