pitch_4: 2.37776947021
roll_4: -1.62750756741
height_4: 1.45375132561
pitch_13: 2.40181803703
roll_13: -1.64258205891
height_13: 1.45333969593
