pitch_4: 2.13884496689
roll_4: -0.564905762672
height_4: 1.45795464516
pitch_13: 2.16710662842
roll_13: -0.579041957855
height_13: 1.45782101154
