pitch_4: 2.06375694275
roll_4: -0.406946003437
height_4: 1.27727198601
pitch_13: 2.0926451683
roll_13: -0.420786172152
height_13: 1.27715754509
