pitch_4: 2.4033665657
roll_4: -0.255676746368
height_4: 1.30086255074
pitch_13: 2.43285250664
roll_13: -0.270863682032
height_13: 1.30094432831
