pitch_4: 2.69847249985
roll_4: 0.715742170811
height_4: 1.38139748573
pitch_13: 2.73180389404
roll_13: 0.699378609657
height_13: 1.38194262981
