pitch_4: 2.48707509041
roll_4: 0.804128527641
height_4: 1.37711298466
pitch_13: 2.5207593441
roll_13: 0.788601577282
height_13: 1.37760102749
