pitch_4: 2.11374974251
roll_4: -0.416034549475
height_4: 1.43244206905
pitch_13: 2.14260196686
roll_13: -0.430072635412
height_13: 1.4323425293
