pitch_4: 2.21383285522
roll_4: -0.0949890464544
height_4: 1.41438400745
pitch_13: 2.24395656586
roll_13: -0.109426148236
height_13: 1.4144525528
