pitch_4: 2.16655683517
roll_4: -0.055894061923
height_4: 1.37176692486
pitch_13: 2.1968357563
roll_13: -0.0701441392303
height_13: 1.37182796001
