pitch_4: 2.12347126007
roll_4: -0.59711843729
height_4: 1.31821346283
pitch_13: 2.15160512924
roll_13: -0.611193835735
height_13: 1.31804740429
