pitch_4: 2.1707174778
roll_4: 0.0439487807453
height_4: 1.41394853592
pitch_13: 2.20139217377
roll_13: 0.0296812057495
height_13: 1.41404366493
