pitch_4: 1.56631040573
roll_4: 0.392263740301
height_4: 1.44908034801
pitch_13: 1.59837150574
roll_13: 0.380389899015
height_13: 1.44905912876
