pitch_4: 2.26068401337
roll_4: -0.146833643317
height_4: 1.26704239845
pitch_13: 2.29060220718
roll_13: -0.161456137896
height_13: 1.2670994997
