pitch_4: 2.11200046539
roll_4: -0.135446980596
height_4: 1.45228719711
pitch_13: 2.141964674
roll_13: -0.149480208755
height_13: 1.45230031013
