pitch_4: 1.94609951973
roll_4: -0.228305399418
height_4: 1.45848703384
pitch_13: 1.97569692135
roll_13: -0.241680383682
height_13: 1.4583953619
