pitch_4: 2.50721263885
roll_4: 0.839903533459
height_4: 1.37537288666
pitch_13: 2.5410387516
roll_13: 0.824296116829
height_13: 1.37588346004
