pitch_4: 2.47509622574
roll_4: -0.325894623995
height_4: 1.42333233356
pitch_13: 2.50430297852
roll_13: -0.341365396976
height_13: 1.42341792583
