pitch_4: 2.21427583694
roll_4: -0.151181325316
height_4: 1.40485310555
pitch_13: 2.24417734146
roll_13: -0.165620103478
height_13: 1.4049025774
