pitch_4: 1.41792154312
roll_4: 0.254981428385
height_4: 1.43250668049
pitch_13: 1.4494395256
roll_13: 0.243697017431
height_13: 1.43236899376
