pitch_4: 2.11000657082
roll_4: -0.547962844372
height_4: 1.28848314285
pitch_13: 2.1383357048
roll_13: -0.561984777451
height_13: 1.28834378719
