pitch_4: 1.82106673717
roll_4: 0.239661261439
height_4: 1.43039393425
pitch_13: 1.85252010822
roll_13: 0.226778209209
height_13: 1.43041288853
