pitch_4: 2.14834904671
roll_4: -0.520189881325
height_4: 1.38396024704
pitch_13: 2.17678785324
roll_13: -0.534364044666
height_13: 1.38384950161
