pitch_4: 2.31764054298
roll_4: -0.136282965541
height_4: 1.33175456524
pitch_13: 2.3475997448
roll_13: -0.151131108403
height_13: 1.33184409142
