pitch_4: 2.20679116249
roll_4: -0.436847895384
height_4: 1.46051335335
pitch_13: 2.23556041718
roll_13: -0.451254487038
height_13: 1.46045422554
