pitch_4: 2.73199820518
roll_4: -1.06005251408
height_4: 1.43959367275
pitch_13: 2.75829529762
roll_13: -1.07653462887
height_13: 1.4395210743
