pitch_4: 1.54829597473
roll_4: -0.214013323188
height_4: 1.46732151508
pitch_13: 1.57795250416
roll_13: -0.225811600685
height_13: 1.46705448627
