pitch_4: 1.46702802181
roll_4: -0.021109290421
height_4: 1.5575748682
pitch_13: 1.49745035172
roll_13: -0.0325862690806
height_13: 1.55736494064
