pitch_4: 2.67173147202
roll_4: 0.392271757126
height_4: 1.34159827232
pitch_13: 2.70378184319
roll_13: 0.376016765833
height_13: 1.34202504158
