pitch_4: 1.96289598942
roll_4: 0.504858851433
height_4: 1.42882013321
pitch_13: 1.99539971352
roll_13: 0.491411477327
height_13: 1.42899549007
