pitch_4: 1.94087791443
roll_4: -0.348657429218
height_4: 1.35858094692
pitch_13: 1.96999824047
roll_13: -0.362010627985
height_13: 1.35843992233
