pitch_4: 2.45996522903
roll_4: -0.4808152318
height_4: 1.43323469162
pitch_13: 2.48855805397
roll_13: -0.496224671602
height_13: 1.4332536459
