pitch_4: 2.54761624336
roll_4: -0.554564416409
height_4: 1.42473316193
pitch_13: 2.57591700554
roll_13: -0.570320427418
height_13: 1.42476737499
