pitch_4: 2.10939526558
roll_4: -0.186173528433
height_4: 1.45441627502
pitch_13: 2.13915777206
roll_13: -0.200196266174
height_13: 1.45438957214
