pitch_4: 2.31048083305
roll_4: -0.371521741152
height_4: 1.41196632385
pitch_13: 2.33950781822
roll_13: -0.386339396238
height_13: 1.41197013855
