pitch_4: 1.44344639778
roll_4: 0.398193061352
height_4: 1.50746929646
pitch_13: 1.47553181648
roll_13: 0.386806309223
height_13: 1.50739097595
