pitch_4: 2.13081598282
roll_4: -0.0951758995652
height_4: 1.40198874474
pitch_13: 2.16093945503
roll_13: -0.109284080565
height_13: 1.40201163292
