pitch_4: 2.2432384491
roll_4: 0.303181797266
height_4: 1.38761782646
pitch_13: 2.2749402523
roll_13: 0.288624972105
height_13: 1.38783526421
