pitch_4: 2.21597909927
roll_4: -0.107145577669
height_4: 1.27772474289
pitch_13: 2.24605441093
roll_13: -0.121591240168
height_13: 1.27778935432
