pitch_4: 2.8982656002
roll_4: -0.478639483452
height_4: 1.36317682266
pitch_13: 2.92686510086
roll_13: -0.495785146952
height_13: 1.36337685585
