pitch_4: 2.4066028595
roll_4: -0.28351572156
height_4: 1.33682012558
pitch_13: 2.43597817421
roll_13: -0.298715084791
height_13: 1.33688104153
