pitch_4: 2.2752020359
roll_4: 0.283987343311
height_4: 1.3893584013
pitch_13: 2.30682730675
roll_13: 0.269303828478
height_13: 1.38956809044
