pitch_4: 1.74215734005
roll_4: -0.48904427886
height_4: 1.46554088593
pitch_13: 1.7707221508
roll_13: -0.501608848572
height_13: 1.46527004242
