pitch_4: 2.0766813755
roll_4: -0.0298854969442
height_4: 1.33518373966
pitch_13: 2.10706424713
roll_13: -0.0437796786427
height_13: 1.33521044254
