pitch_4: 2.21577167511
roll_4: -0.281414270401
height_4: 1.44542443752
pitch_13: 2.24515652657
roll_13: -0.295857667923
height_13: 1.44541478157
