pitch_4: 2.19973611832
roll_4: -0.0864538103342
height_4: 1.29236137867
pitch_13: 2.22989416122
roll_13: -0.100835241377
height_13: 1.29242241383
