pitch_4: 2.16782617569
roll_4: -0.0781847462058
height_4: 1.35876476765
pitch_13: 2.19801735878
roll_13: -0.0924397334456
height_13: 1.35882174969
