pitch_4: 1.97150337696
roll_4: -0.377643167973
height_4: 1.35547471046
pitch_13: 2.00050830841
roll_13: -0.391117602587
height_13: 1.35532605648
