pitch_4: 2.10712623596
roll_4: -0.185415282845
height_4: 1.40347862244
pitch_13: 2.13689231873
roll_13: -0.199428766966
height_13: 1.40346336365
