pitch_4: 2.1703915596
roll_4: 0.0481949038804
height_4: 1.42054450512
pitch_13: 2.20108318329
roll_13: 0.033928796649
height_13: 1.42064356804
