pitch_4: 2.12330818176
roll_4: -0.00564129464328
height_4: 1.41713094711
pitch_13: 2.1537873745
roll_13: -0.0197202824056
height_13: 1.41720342636
