pitch_4: 2.44787335396
roll_4: -0.530815660954
height_4: 1.42261064053
pitch_13: 2.47626852989
roll_13: -0.546176612377
height_13: 1.42261433601
