pitch_4: 2.14864444733
roll_4: -0.0672891363502
height_4: 1.38675582409
pitch_13: 2.17887854576
roll_13: -0.0814682170749
height_13: 1.38680136204
