pitch_4: 1.70568311214
roll_4: -0.0894842222333
height_4: 1.49969804287
pitch_13: 1.73583257198
roll_13: -0.101906843483
height_13: 1.49955666065
