pitch_4: 2.28524804115
roll_4: -0.251910954714
height_4: 1.40390372276
pitch_13: 2.31474900246
roll_13: -0.266630083323
height_13: 1.40393412113
