pitch_4: 2.20467638969
roll_4: -0.166308104992
height_4: 1.38011193275
pitch_13: 2.23451781273
roll_13: -0.180708453059
height_13: 1.38013470173
