pitch_4: 2.06850600243
roll_4: -0.414991825819
height_4: 1.39597928524
pitch_13: 2.09736251831
roll_13: -0.428850382566
height_13: 1.39586865902
