pitch_4: 2.1918118
roll_4: 0.0158590544015
height_4: 1.30270278454
pitch_13: 2.22237491608
roll_13: 0.0015082617756
height_13: 1.30279803276
