pitch_4: 2.28603339195
roll_4: -0.0921903029084
height_4: 1.26964533329
pitch_13: 2.31616687775
roll_13: -0.106913670897
height_13: 1.26972150803
