pitch_4: 1.33723294735
roll_4: -0.124387264252
height_4: 1.56656563282
pitch_13: 1.36724698544
roll_13: -0.135348662734
height_13: 1.56626594067
