pitch_4: 2.97064852715
roll_4: -0.0524736866355
height_4: 1.3212698698
pitch_13: 3.00093579292
roll_13: -0.069909222424
height_13: 1.32164347172
