pitch_4: 2.25220155716
roll_4: 0.165821790695
height_4: 1.34945273399
pitch_13: 2.28335857391
roll_13: 0.151230290532
height_13: 1.34961843491
