pitch_4: 2.25148749352
roll_4: 0.168116465211
height_4: 1.3454836607
pitch_13: 2.28265357018
roll_13: 0.153528079391
height_13: 1.34565508366
