pitch_4: 2.51914048195
roll_4: 0.180391088128
height_4: 1.33719527721
pitch_13: 2.55035305023
roll_13: 0.164741843939
height_13: 1.33748483658
