pitch_4: 2.24388575554
roll_4: 0.2217951864
height_4: 1.40847146511
pitch_13: 2.27526497841
roll_13: 0.207236349583
height_13: 1.40866208076
