pitch_4: 2.10214924812
roll_4: -0.310089528561
height_4: 1.4016699791
pitch_13: 2.13142061234
roll_13: -0.324082404375
height_13: 1.40159738064
