pitch_4: 1.96744596958
roll_4: -0.135639473796
height_4: 1.44943249226
pitch_13: 1.99741065502
roll_13: -0.149099707603
height_13: 1.44937503338
