pitch_4: 1.89933669567
roll_4: -0.546652138233
height_4: 1.32874011993
pitch_13: 1.92767202854
roll_13: -0.559839189053
height_13: 1.32851684093
