pitch_4: 2.45666766167
roll_4: -0.430975854397
height_4: 1.41685533524
pitch_13: 2.4854581356
roll_13: -0.446372866631
height_13: 1.41689312458
