pitch_4: 2.09442734718
roll_4: -0.191540151834
height_4: 1.40450024605
pitch_13: 2.12416934967
roll_13: -0.205503284931
height_13: 1.40448486805
