pitch_4: 2.19821763039
roll_4: 0.381443232298
height_4: 1.39658105373
pitch_13: 2.23022937775
roll_13: 0.367064207792
height_13: 1.39680600166
