pitch_4: 2.070925951
roll_4: -0.578002214432
height_4: 1.31233358383
pitch_13: 2.09913611412
roll_13: -0.591869115829
height_13: 1.31217110157
