pitch_4: 2.22478675842
roll_4: -0.100366465747
height_4: 1.27685511112
pitch_13: 2.25488901138
roll_13: -0.114847026765
height_13: 1.27693116665
