pitch_4: 3.23438405991
roll_4: 0.792142570019
height_4: 1.18162298203
pitch_13: 3.26801133156
roll_13: 0.773656129837
height_13: 1.18240463734
