pitch_4: 2.09718871117
roll_4: -0.0514210425317
height_4: 1.44358599186
pitch_13: 2.12748575211
roll_13: -0.0653963536024
height_13: 1.44360697269
