pitch_4: 2.66168546677
roll_4: 0.0327675007284
height_4: 1.30358994007
pitch_13: 2.6923122406
roll_13: 0.0165549423546
height_13: 1.30387592316
