pitch_4: 2.43025445938
roll_4: -0.289067953825
height_4: 1.41497981548
pitch_13: 2.45960736275
roll_13: -0.304361432791
height_13: 1.4150595665
