pitch_4: 2.09530615807
roll_4: -0.27720785141
height_4: 1.40987384319
pitch_13: 2.1247086525
roll_13: -0.291173547506
height_13: 1.40982782841
