pitch_4: 1.6321876049
roll_4: -0.0541870594025
height_4: 1.51772487164
pitch_13: 1.66247737408
roll_13: -0.0663188323379
height_13: 1.51756048203
