pitch_4: 2.14351153374
roll_4: -0.110027305782
height_4: 1.40888404846
pitch_13: 2.17357587814
roll_13: -0.124185711145
height_13: 1.40890276432
