pitch_4: 1.80731701851
roll_4: 0.0934326797724
height_4: 1.46418070793
pitch_13: 1.83819079399
roll_13: 0.0806051492691
height_13: 1.46413862705
