pitch_4: 2.4601252079
roll_4: -0.347475796938
height_4: 1.40917563438
pitch_13: 2.48924660683
roll_13: -0.362886935472
height_13: 1.40925931931
