pitch_4: 2.25128531456
roll_4: -0.233006209135
height_4: 1.34787857533
pitch_13: 2.28086209297
roll_13: -0.247590571642
height_13: 1.34791100025
