pitch_4: 2.2642583847
roll_4: -0.6040828228
height_4: 1.32212519646
pitch_13: 2.29236364365
roll_13: -0.618715941906
height_13: 1.32201826572
