pitch_4: 2.31961369514
roll_4: -0.524044275284
height_4: 1.44221305847
pitch_13: 2.34803652763
roll_13: -0.538897395134
height_13: 1.4421595335
