pitch_4: 2.14939713478
roll_4: -0.250595837831
height_4: 1.41968262196
pitch_13: 2.17890429497
roll_13: -0.26477637887
height_13: 1.41967105865
