pitch_4: 2.22691845894
roll_4: -0.536466598511
height_4: 1.45849132538
pitch_13: 2.25529170036
roll_13: -0.550951898098
height_13: 1.45839226246
