pitch_4: 2.19633746147
roll_4: -0.376276701689
height_4: 1.39917159081
pitch_13: 2.22534656525
roll_13: -0.390642136335
height_13: 1.39912927151
