pitch_4: 2.198823452
roll_4: -0.416777819395
height_4: 1.33757615089
pitch_13: 2.22767186165
roll_13: -0.431152850389
height_13: 1.33752655983
