pitch_4: 1.79381108284
roll_4: -0.561358392239
height_4: 1.46664440632
pitch_13: 1.82208895683
roll_13: -0.574126839638
height_13: 1.46636593342
