pitch_4: 2.27108955383
roll_4: -0.0557143948972
height_4: 1.41458034515
pitch_13: 2.30136847496
roll_13: -0.0703788101673
height_13: 1.41467559338
