pitch_4: 2.1797554493
roll_4: -0.246706560254
height_4: 1.44496905804
pitch_13: 2.20927834511
roll_13: -0.261007457972
height_13: 1.44496130943
