pitch_4: 2.13728642464
roll_4: -0.0506948083639
height_4: 1.37533676624
pitch_13: 2.16758680344
roll_13: -0.0648288577795
height_13: 1.37539577484
