pitch_4: 2.12205266953
roll_4: 0.20306006074
height_4: 1.37562835217
pitch_13: 2.15335869789
roll_13: 0.18898421526
height_13: 1.37576162815
