pitch_4: 2.15234851837
roll_4: -0.226993739605
height_4: 1.42731714249
pitch_13: 2.1819498539
roll_13: -0.24118617177
height_13: 1.42731308937
