pitch_4: 2.13521456718
roll_4: -0.456922739744
height_4: 1.45966541767
pitch_13: 2.16390419006
roll_13: -0.471045464277
height_13: 1.45956039429
