pitch_4: 2.30582547188
roll_4: -0.390556812286
height_4: 1.45523488522
pitch_13: 2.33477735519
roll_13: -0.405356228352
height_13: 1.45523667336
