pitch_4: 1.91928398609
roll_4: -0.54458886385
height_4: 1.32522964478
pitch_13: 1.9476275444
roll_13: -0.557855129242
height_13: 1.32501208782
