pitch_4: 2.72106456757
roll_4: 0.103467956185
height_4: 1.30898749828
pitch_13: 2.75197052956
roll_13: 0.0870194286108
height_13: 1.30931925774
