pitch_4: 2.42099618912
roll_4: -0.281079143286
height_4: 1.35407721996
pitch_13: 2.45038127899
roll_13: -0.296335667372
height_13: 1.35414958
