pitch_4: 2.12749457359
roll_4: -0.366511613131
height_4: 1.34424471855
pitch_13: 2.1565425396
roll_13: -0.380604565144
height_13: 1.34417593479
