pitch_4: 2.24210357666
roll_4: 0.22126968205
height_4: 1.39454388618
pitch_13: 2.27348041534
roll_13: 0.206717923284
height_13: 1.39472675323
