pitch_4: 2.35462212563
roll_4: -0.309195369482
height_4: 1.41305661201
pitch_13: 2.38389611244
roll_13: -0.324189096689
height_13: 1.41308701038
