pitch_4: 2.27687048912
roll_4: 0.251916646957
height_4: 1.40871787071
pitch_13: 2.30836868286
roll_13: 0.237227112055
height_13: 1.40892744064
