pitch_4: 1.99995851517
roll_4: -0.153893485665
height_4: 1.42466700077
pitch_13: 2.02985048294
roll_13: -0.167482554913
height_13: 1.42460215092
