pitch_4: 2.23222064972
roll_4: -0.630470454693
height_4: 1.43144392967
pitch_13: 2.26022219658
roll_13: -0.644976377487
height_13: 1.43132960796
