pitch_4: 2.17835688591
roll_4: -0.241801425815
height_4: 1.44244790077
pitch_13: 2.20789933205
roll_13: -0.256096839905
height_13: 1.44244766235
