pitch_4: 2.12359523773
roll_4: -0.438695639372
height_4: 1.30895650387
pitch_13: 2.15235733986
roll_13: -0.452772468328
height_13: 1.30885922909
