pitch_4: 2.01579546928
roll_4: -0.635595321655
height_4: 1.45477306843
pitch_13: 2.04377794266
roll_13: -0.649243295193
height_13: 1.45455551147
