pitch_4: 2.82512569427
roll_4: 1.27593994141
height_4: 1.28114211559
pitch_13: 2.86067485809
roll_13: 1.25906991959
height_13: 1.28193509579
