pitch_4: 3.00296974182
roll_4: -0.100067101419
height_4: 1.3257175684
pitch_13: 3.03306770325
roll_13: -0.117629997432
height_13: 1.3261026144
