pitch_4: 2.618298769
roll_4: -0.0759660005569
height_4: 1.32834339142
pitch_13: 2.6484951973
roll_13: -0.0920058712363
height_13: 1.32856833935
