pitch_4: 1.98228287697
roll_4: 0.557842493057
height_4: 1.42857635021
pitch_13: 2.01499700546
roll_13: 0.544317901134
height_13: 1.42879366875
