pitch_4: 2.05751872063
roll_4: -0.462193310261
height_4: 1.31177270412
pitch_13: 2.08618807793
roll_13: -0.47600799799
height_13: 1.31163907051
