pitch_4: 1.86631929874
roll_4: -0.62562417984
height_4: 1.46362602711
pitch_13: 1.89434170723
roll_13: -0.638679683208
height_13: 1.46335506439
