pitch_4: 2.39785766602
roll_4: -1.45048189163
height_4: 1.45305097103
pitch_13: 2.42260789871
roll_13: -1.46563768387
height_13: 1.45271158218
