pitch_4: 1.83393871784
roll_4: -0.444513916969
height_4: 1.46150660515
pitch_13: 1.86267948151
roll_13: -0.457442522049
height_13: 1.46128535271
