pitch_4: 2.31218528748
roll_4: -0.279950886965
height_4: 1.29270386696
pitch_13: 2.34157562256
roll_13: -0.294776141644
height_13: 1.29274570942
