pitch_4: 2.28645324707
roll_4: -0.150345757604
height_4: 1.37984979153
pitch_13: 2.31635689735
roll_13: -0.165070325136
height_13: 1.37991845608
