pitch_4: 2.40390872955
roll_4: 0.455335646868
height_4: 1.39084196091
pitch_13: 2.436211586
roll_13: 0.440140873194
height_13: 1.39118492603
