pitch_4: 2.10843110085
roll_4: -0.524599790573
height_4: 1.30945467949
pitch_13: 2.13685250282
roll_13: -0.538616001606
height_13: 1.30932080746
