pitch_4: 2.18582034111
roll_4: -0.374866098166
height_4: 1.40274679661
pitch_13: 2.21483516693
roll_13: -0.389190167189
height_13: 1.40269327164
