pitch_4: 2.45937871933
roll_4: -1.50307226181
height_4: 1.45610177517
pitch_13: 2.48392081261
roll_13: -1.51847100258
height_13: 1.45577025414
