pitch_4: 2.19405126572
roll_4: -0.12376717478
height_4: 1.28209519386
pitch_13: 2.22406125069
roll_13: -0.138125807047
height_13: 1.28213703632
