pitch_4: 1.93109297752
roll_4: -0.198545455933
height_4: 1.43431127071
pitch_13: 1.9608079195
roll_13: -0.211861208081
height_13: 1.43421196938
