pitch_4: 2.54104757309
roll_4: 0.949332773685
height_4: 1.38161766529
pitch_13: 2.57530641556
roll_13: 0.933590769768
height_13: 1.38218557835
