pitch_4: 3.25540494919
roll_4: -0.425586521626
height_4: 1.22779333591
pitch_13: 3.28421211243
roll_13: -0.44414639473
height_13: 1.22815167904
