pitch_4: 2.10592794418
roll_4: 0.0492210835218
height_4: 1.41250860691
pitch_13: 2.13662385941
roll_13: 0.0352105796337
height_13: 1.41257703304
