pitch_4: 1.52324211597
roll_4: -0.0892181992531
height_4: 1.41892635822
pitch_13: 1.55339384079
roll_13: -0.100917510688
height_13: 1.41871070862
