pitch_4: 2.94025421143
roll_4: -0.505634069443
height_4: 1.35839271545
pitch_13: 2.9687461853
roll_13: -0.522945404053
height_13: 1.35860991478
