pitch_4: 2.10534620285
roll_4: -0.0167788323015
height_4: 1.42731273174
pitch_13: 2.13578081131
roll_13: -0.0307867787778
height_13: 1.42734515667
