pitch_4: 2.21250295639
roll_4: -0.00479428842664
height_4: 1.29758453369
pitch_13: 2.24298429489
roll_13: -0.0192269328982
height_13: 1.29768359661
