pitch_4: 2.14781403542
roll_4: -0.0844465866685
height_4: 1.35680031776
pitch_13: 2.1779794693
roll_13: -0.0986223444343
height_13: 1.35683083534
