pitch_4: 2.12077665329
roll_4: -0.390917956829
height_4: 1.34628403187
pitch_13: 2.14972805977
roll_13: -0.404983788729
height_13: 1.34620392323
