pitch_4: 1.43263506889
roll_4: 0.403718590736
height_4: 1.54429507256
pitch_13: 1.46474313736
roll_13: 0.392374753952
height_13: 1.54422223568
