pitch_4: 2.06153035164
roll_4: -0.408308744431
height_4: 1.32105529308
pitch_13: 2.09041333199
roll_13: -0.422139883041
height_13: 1.32094836235
