pitch_4: 2.63722252846
roll_4: -1.43235552311
height_4: 1.45096468925
pitch_13: 2.66204428673
roll_13: -1.44845986366
height_13: 1.45071697235
