pitch_4: 2.33321046829
roll_4: 0.276099652052
height_4: 1.3774433136
pitch_13: 2.36480379105
roll_13: 0.261186659336
height_13: 1.37768721581
