pitch_4: 2.28873968124
roll_4: -0.155767679214
height_4: 1.33517611027
pitch_13: 2.31862258911
roll_13: -0.170501202345
height_13: 1.33524084091
