pitch_4: 2.62233686447
roll_4: -0.609276413918
height_4: 1.43358421326
pitch_13: 2.6504201889
roll_13: -0.625328302383
height_13: 1.43361854553
