pitch_4: 2.14882254601
roll_4: -0.394493103027
height_4: 1.34347653389
pitch_13: 2.17775988579
roll_13: -0.408670246601
height_13: 1.34340977669
