pitch_4: 2.33293628693
roll_4: -0.0556487515569
height_4: 1.40899717808
pitch_13: 2.36321473122
roll_13: -0.0705582797527
height_13: 1.409111619
