pitch_4: 2.11251711845
roll_4: -0.496908783913
height_4: 1.38615441322
pitch_13: 2.14104866982
roll_13: -0.510941028595
height_13: 1.38602077961
