pitch_4: 1.89439761639
roll_4: -0.404622167349
height_4: 1.461586833
pitch_13: 1.92329621315
roll_13: -0.417790919542
height_13: 1.46140372753
