pitch_4: 2.58178138733
roll_4: 0.732722818851
height_4: 1.38431835175
pitch_13: 2.61518144608
roll_13: 0.716821074486
height_13: 1.38481390476
