pitch_4: 2.09244561195
roll_4: -0.137802511454
height_4: 1.40857732296
pitch_13: 2.12240052223
roll_13: -0.151758208871
height_13: 1.40858840942
