pitch_4: 2.20558166504
roll_4: 0.371843665838
height_4: 1.38226819038
pitch_13: 2.23755574226
roll_13: 0.357435405254
height_13: 1.38248169422
