pitch_4: 2.40647745132
roll_4: -0.286729574203
height_4: 1.41566979885
pitch_13: 2.43583989143
roll_13: -0.301928430796
height_13: 1.41574597359
