pitch_4: 1.5158803463
roll_4: 0.223356977105
height_4: 1.42010974884
pitch_13: 1.54727196693
roll_13: 0.211684241891
height_13: 1.42000293732
