pitch_4: 2.08448457718
roll_4: -0.0791648030281
height_4: 1.34507262707
pitch_13: 2.11467170715
roll_13: -0.0930894240737
height_13: 1.34508383274
