pitch_4: 2.17809915543
roll_4: -0.481164693832
height_4: 1.34052693844
pitch_13: 2.20669269562
roll_13: -0.495456963778
height_13: 1.34044289589
