pitch_4: 2.89700198174
roll_4: -0.562374353409
height_4: 1.37064754963
pitch_13: 2.92526936531
roll_13: -0.579514205456
height_13: 1.37082087994
