pitch_4: 2.12886786461
roll_4: -0.429670929909
height_4: 1.39267015457
pitch_13: 2.15766596794
roll_13: -0.443768441677
height_13: 1.39258229733
