pitch_4: 2.65237498283
roll_4: 0.468428581953
height_4: 1.35121023655
pitch_13: 2.68472695351
roll_13: 0.452249616385
height_13: 1.3516523838
