pitch_4: 2.37228369713
roll_4: -0.495860368013
height_4: 1.43903791904
pitch_13: 2.40081810951
roll_13: -0.510922074318
height_13: 1.43901336193
