pitch_4: 2.26149368286
roll_4: -0.385785609484
height_4: 1.38351655006
pitch_13: 2.29046463966
roll_13: -0.400409638882
height_13: 1.38348209858
