pitch_4: 2.2020316124
roll_4: -0.533751070499
height_4: 1.4084789753
pitch_13: 2.23041629791
roll_13: -0.548138022423
height_13: 1.40837967396
