pitch_4: 2.60468292236
roll_4: 0.124026492238
height_4: 1.34606945515
pitch_13: 2.63567113876
roll_13: 0.108039185405
height_13: 1.34635901451
