pitch_4: 2.10948419571
roll_4: -0.229903057218
height_4: 1.40645670891
pitch_13: 2.13907408714
roll_13: -0.243925824761
height_13: 1.40641856194
