pitch_4: 2.90688443184
roll_4: -0.481420516968
height_4: 1.36176002026
pitch_13: 2.93547272682
roll_13: -0.498600035906
height_13: 1.36196792126
