pitch_4: 2.25840449333
roll_4: -0.621733248234
height_4: 1.32418620586
pitch_13: 2.28644061089
roll_13: -0.63634288311
height_13: 1.32408130169
