pitch_4: 2.70438337326
roll_4: 0.71373462677
height_4: 1.38111972809
pitch_13: 2.73770713806
roll_13: 0.697347581387
height_13: 1.38166856766
