pitch_4: 2.46889424324
roll_4: 0.469476610422
height_4: 1.38281786442
pitch_13: 2.50125265121
roll_13: 0.454024165869
height_13: 1.38318395615
