pitch_4: 2.52656793594
roll_4: -0.161140158772
height_4: 1.28564476967
pitch_13: 2.55642700195
roll_13: -0.17681632936
height_13: 1.28580498695
