pitch_4: 2.1052646637
roll_4: -0.136645421386
height_4: 1.32260394096
pitch_13: 2.13522410393
roll_13: -0.150652170181
height_13: 1.32260012627
