pitch_4: 3.23770666122
roll_4: 1.06299769878
height_4: 1.18273556232
pitch_13: 3.27240681648
roll_13: 1.044495821
height_13: 1.18361258507
