pitch_4: 2.52497816086
roll_4: -0.612745702267
height_4: 1.41752171516
pitch_13: 2.55304837227
roll_13: -0.628411471844
height_13: 1.41753304005
