pitch_4: 2.20811963081
roll_4: -0.352187633514
height_4: 1.43223309517
pitch_13: 2.23722434044
roll_13: -0.36660015583
height_13: 1.43220639229
