pitch_4: 2.14541649818
roll_4: 0.00061183195794
height_4: 1.39334440231
pitch_13: 2.17591977119
roll_13: -0.0135549232364
height_13: 1.39340519905
