pitch_4: 2.19286298752
roll_4: -0.116762459278
height_4: 1.28577065468
pitch_13: 2.22290062904
roll_13: -0.131116271019
height_13: 1.28580868244
