pitch_4: 2.1256582737
roll_4: -0.315085172653
height_4: 1.42493879795
pitch_13: 2.15491056442
roll_13: -0.329171150923
height_13: 1.42488527298
