pitch_4: 1.28169083595
roll_4: -0.131858408451
height_4: 1.58244681358
pitch_13: 1.31167554855
roll_13: -0.142599195242
height_13: 1.58212041855
