pitch_4: 2.06435894966
roll_4: -0.113483272493
height_4: 1.35479938984
pitch_13: 2.09441065788
roll_13: -0.127327814698
height_13: 1.35479152203
