pitch_4: 2.00813341141
roll_4: -0.153689309955
height_4: 1.43437182903
pitch_13: 2.03802609444
roll_13: -0.167310714722
height_13: 1.43434679508
