pitch_4: 2.11738228798
roll_4: -0.48346555233
height_4: 1.33584797382
pitch_13: 2.14596652985
roll_13: -0.49751740694
height_13: 1.3357219696
