pitch_4: 2.46306848526
roll_4: -0.343223929405
height_4: 1.40840542316
pitch_13: 2.49220705032
roll_13: -0.358646810055
height_13: 1.40849673748
