pitch_4: 2.17219638824
roll_4: -0.0126432264224
height_4: 1.40177130699
pitch_13: 2.20264697075
roll_13: -0.0269161500037
height_13: 1.40184354782
