pitch_4: 2.16594982147
roll_4: -0.259472072124
height_4: 1.34696578979
pitch_13: 2.19542193413
roll_13: -0.273718297482
height_13: 1.34694671631
