pitch_4: 1.88470160961
roll_4: -0.203712642193
height_4: 1.43637740612
pitch_13: 1.91439664364
roll_13: -0.216844514012
height_13: 1.43626117706
