pitch_4: 2.99486327171
roll_4: -0.0875249281526
height_4: 1.32376492023
pitch_13: 3.02501106262
roll_13: -0.105055913329
height_13: 1.32415378094
