pitch_4: 1.96106719971
roll_4: -0.135466694832
height_4: 1.43441319466
pitch_13: 1.9910326004
roll_13: -0.148901507258
height_13: 1.43436181545
