pitch_4: 2.15409445763
roll_4: -0.210585162044
height_4: 1.41744637489
pitch_13: 2.18376016617
roll_13: -0.224784836173
height_13: 1.4174387455
