pitch_4: 2.05458211899
roll_4: -0.187661737204
height_4: 1.41964566708
pitch_13: 2.08433914185
roll_13: -0.201467186213
height_13: 1.41959774494
