pitch_4: 2.18365621567
roll_4: -0.336133509874
height_4: 1.37899959087
pitch_13: 2.21282482147
roll_13: -0.350449115038
height_13: 1.37895953655
