pitch_4: 2.27428722382
roll_4: -0.267516314983
height_4: 1.39595353603
pitch_13: 2.30372714996
roll_13: -0.282191962004
height_13: 1.39597249031
