pitch_4: 2.31510090828
roll_4: -0.32859352231
height_4: 1.40398931503
pitch_13: 2.34429812431
roll_13: -0.343430012465
height_13: 1.40401208401
