pitch_4: 2.29261493683
roll_4: -0.11617770046
height_4: 1.2701086998
pitch_13: 2.32265472412
roll_13: -0.130926832557
height_13: 1.27019643784
