pitch_4: 3.06317925453
roll_4: 1.30541038513
height_4: 1.20852279663
pitch_13: 3.09884142876
roll_13: 1.28759753704
height_13: 1.20943033695
