pitch_4: 1.57274460793
roll_4: -0.198079898953
height_4: 1.45946323872
pitch_13: 1.60246431828
roll_13: -0.209974661469
height_13: 1.45922660828
