pitch_4: 1.3762280941
roll_4: 0.31971386075
height_4: 1.56266999245
pitch_13: 1.40800309181
roll_13: 0.308594167233
height_13: 1.56254005432
