pitch_4: 2.14972138405
roll_4: -0.0207785833627
height_4: 1.39305281639
pitch_13: 2.18014001846
roll_13: -0.0349622815847
height_13: 1.39311766624
