pitch_4: 2.21642136574
roll_4: -0.330499082804
height_4: 1.3749730587
pitch_13: 2.24561166763
roll_13: -0.344944745302
height_13: 1.3749576807
