pitch_4: 2.76826095581
roll_4: 1.15102732182
height_4: 1.30152750015
pitch_13: 2.8033156395
roll_13: 1.13438367844
height_13: 1.30224430561
