pitch_4: 1.97076976299
roll_4: 0.547803401947
height_4: 1.43134963512
pitch_13: 2.00344347954
roll_13: 0.534324467182
height_13: 1.43154013157
