pitch_4: 3.01080703735
roll_4: -1.7450594902
height_4: 1.31417095661
pitch_13: 3.03439021111
roll_13: -1.76264059544
height_13: 1.31397652626
