pitch_4: 2.09578561783
roll_4: -0.269906252623
height_4: 1.41010439396
pitch_13: 2.12521719933
roll_13: -0.283874005079
height_13: 1.41005861759
