pitch_4: 1.90377497673
roll_4: -0.542178452015
height_4: 1.32829082012
pitch_13: 1.9321283102
roll_13: -0.555382788181
height_13: 1.32807135582
