pitch_4: 2.48479437828
roll_4: -0.382639586926
height_4: 1.40899670124
pitch_13: 2.51377677917
roll_13: -0.398148298264
height_13: 1.40906512737
