pitch_4: 1.65292310715
roll_4: -0.00220851833001
height_4: 1.51088571548
pitch_13: 1.68341910839
roll_13: -0.0144228339195
height_13: 1.51075196266
