pitch_4: 2.29669475555
roll_4: 0.0647140368819
height_4: 1.39825057983
pitch_13: 2.32745051384
roll_13: 0.0499471388757
height_13: 1.398406744
