pitch_4: 2.15454077721
roll_4: -0.0632317438722
height_4: 1.39705491066
pitch_13: 2.18479132652
roll_13: -0.0774341002107
height_13: 1.3971118927
