pitch_4: 2.23627638817
roll_4: 0.168539613485
height_4: 1.34428989887
pitch_13: 2.26744437218
roll_13: 0.154011175036
height_13: 1.34444618225
