pitch_4: 2.37527561188
roll_4: -0.383917838335
height_4: 1.41417348385
pitch_13: 2.40425348282
roll_13: -0.398992687464
height_13: 1.41419625282
