pitch_4: 2.64749026299
roll_4: 0.255048453808
height_4: 1.34261012077
pitch_13: 2.67899727821
roll_13: 0.238890618086
height_13: 1.34297597408
