pitch_4: 2.17249321938
roll_4: -0.0612959042192
height_4: 1.37031936646
pitch_13: 2.20275092125
roll_13: -0.0755695700645
height_13: 1.37036311626
