pitch_4: 2.21138238907
roll_4: -0.359875261784
height_4: 1.45725703239
pitch_13: 2.2404563427
roll_13: -0.374300569296
height_13: 1.45721495152
