pitch_4: 2.15195441246
roll_4: 0.00927941501141
height_4: 1.37193930149
pitch_13: 2.18249177933
roll_13: -0.00491322390735
height_13: 1.37200975418
