pitch_4: 2.14958620071
roll_4: -0.281015574932
height_4: 1.44524204731
pitch_13: 2.17897319794
roll_13: -0.295196533203
height_13: 1.44521522522
