pitch_4: 2.90825629234
roll_4: -0.309677511454
height_4: 1.35276782513
pitch_13: 2.93752408028
roll_13: -0.326863706112
height_13: 1.35302317142
