pitch_4: 2.17342448235
roll_4: -0.445631802082
height_4: 1.33679771423
pitch_13: 2.20215892792
roll_13: -0.459905773401
height_13: 1.33672130108
