pitch_4: 2.14156770706
roll_4: -0.0974567681551
height_4: 1.40693068504
pitch_13: 2.17168235779
roll_13: -0.111607566476
height_13: 1.40696501732
