pitch_4: 2.38841080666
roll_4: -0.342781156301
height_4: 1.34273397923
pitch_13: 2.41755104065
roll_13: -0.357908040285
height_13: 1.34276819229
