pitch_4: 2.10867929459
roll_4: -0.0832088366151
height_4: 1.42048037052
pitch_13: 2.1388502121
roll_13: -0.0972294732928
height_13: 1.42050290108
