pitch_4: 2.16723895073
roll_4: -0.359445631504
height_4: 1.40439558029
pitch_13: 2.19631505013
roll_13: -0.373695999384
height_13: 1.40433442593
