pitch_4: 1.96268618107
roll_4: 0.43006631732
height_4: 1.42733097076
pitch_13: 1.99489355087
roll_13: 0.416620492935
height_13: 1.42749094963
