pitch_4: 2.22978925705
roll_4: -0.388814270496
height_4: 1.46020078659
pitch_13: 2.2587480545
roll_13: -0.40331235528
height_13: 1.46015679836
