pitch_4: 1.95361173153
roll_4: -0.335641205311
height_4: 1.34253191948
pitch_13: 1.98278295994
roll_13: -0.349044889212
height_13: 1.34239661694
