pitch_4: 2.46560406685
roll_4: 0.866047084332
height_4: 1.37626099586
pitch_13: 2.4995341301
roll_13: 0.850604712963
height_13: 1.37677180767
