pitch_4: 2.17151618004
roll_4: -0.051580812782
height_4: 1.3867970705
pitch_13: 2.20181250572
roll_13: -0.0658506453037
height_13: 1.38685798645
