pitch_4: 2.18736577034
roll_4: -0.486700445414
height_4: 1.307284832
pitch_13: 2.21593785286
roll_13: -0.501029551029
height_13: 1.30720663071
