pitch_4: 3.17348504066
roll_4: -0.606453239918
height_4: 1.22229611874
pitch_13: 3.20157694817
roll_13: -0.624687731266
height_13: 1.22255921364
