pitch_4: 2.66607809067
roll_4: 0.78403121233
height_4: 1.38232898712
pitch_13: 2.69968008995
roll_13: 0.767795085907
height_13: 1.38288152218
