pitch_4: 2.46085500717
roll_4: 0.537268936634
height_4: 1.34158194065
pitch_13: 2.4934823513
roll_13: 0.521847784519
height_13: 1.34197056293
