pitch_4: 2.24805688858
roll_4: 0.0564109608531
height_4: 1.40532517433
pitch_13: 2.27878046036
roll_13: 0.0418369024992
height_13: 1.40546226501
