pitch_4: 2.84033131599
roll_4: 0.615594029427
height_4: 1.33739566803
pitch_13: 2.87326478958
roll_13: 0.598669290543
height_13: 1.33796727657
