pitch_4: 2.12191748619
roll_4: -0.519256532192
height_4: 1.38631272316
pitch_13: 2.15036010742
roll_13: -0.533326327801
height_13: 1.38618302345
