pitch_4: 2.10780262947
roll_4: -0.223428219557
height_4: 1.32672095299
pitch_13: 2.13741827011
roll_13: -0.237443804741
height_13: 1.32669425011
