pitch_4: 2.19841003418
roll_4: -0.433226317167
height_4: 1.28425073624
pitch_13: 2.2271938324
roll_13: -0.447599619627
height_13: 1.28418767452
