pitch_4: 2.15753245354
roll_4: -0.000367724976968
height_4: 1.41099846363
pitch_13: 2.18803143501
roll_13: -0.0145825985819
height_13: 1.41105926037
