pitch_4: 1.29297888279
roll_4: -0.197394475341
height_4: 1.58273279667
pitch_13: 1.32270300388
roll_13: -0.208179622889
height_13: 1.58237981796
