pitch_4: 2.19335460663
roll_4: -0.352979183197
height_4: 1.39672648907
pitch_13: 2.22245597839
roll_13: -0.367333054543
height_13: 1.39668834209
