pitch_4: 2.10286426544
roll_4: -0.384702295065
height_4: 1.45651733875
pitch_13: 2.13184070587
roll_13: -0.398697316647
height_13: 1.4564409256
