pitch_4: 2.05255103111
roll_4: -0.0502905622125
height_4: 1.44309234619
pitch_13: 2.08285331726
roll_13: -0.0640887245536
height_13: 1.44309985638
