pitch_4: 2.20827364922
roll_4: 0.000498716952279
height_4: 1.2981300354
pitch_13: 2.23877620697
roll_13: -0.0139171220362
height_13: 1.29821395874
