pitch_4: 2.16237401962
roll_4: -0.259539723396
height_4: 1.38917756081
pitch_13: 2.19184613228
roll_13: -0.273771584034
height_13: 1.38916230202
