pitch_4: 2.11021900177
roll_4: 0.0371169783175
height_4: 1.41313672066
pitch_13: 2.14086699486
roll_13: 0.0230893772095
height_13: 1.41320514679
