pitch_4: 2.04884314537
roll_4: -0.363917857409
height_4: 1.34429466724
pitch_13: 2.07790184021
roll_13: -0.377698689699
height_13: 1.34419715405
