pitch_4: 2.45945239067
roll_4: -1.5761384964
height_4: 1.46297454834
pitch_13: 2.48370361328
roll_13: -1.59153747559
height_13: 1.46260082722
