pitch_4: 2.3431687355
roll_4: -0.48572614789
height_4: 1.44410812855
pitch_13: 2.37174272537
roll_13: -0.500672638416
height_13: 1.44408488274
