pitch_4: 2.13606643677
roll_4: 0.424009382725
height_4: 1.40662336349
pitch_13: 2.16824769974
roll_13: 0.409876257181
height_13: 1.40683305264
