pitch_4: 2.13810300827
roll_4: -0.0638412386179
height_4: 1.37378907204
pitch_13: 2.16835069656
roll_13: -0.0779785215855
height_13: 1.37382900715
