pitch_4: 2.27681493759
roll_4: 0.119064278901
height_4: 1.38554191589
pitch_13: 2.30778670311
roll_13: 0.104375787079
height_13: 1.38570189476
