pitch_4: 1.78469586372
roll_4: -0.494432896376
height_4: 1.45662856102
pitch_13: 1.8132390976
roll_13: -0.507165849209
height_13: 1.4563729763
