pitch_4: 2.11568045616
roll_4: -0.297148674726
height_4: 1.28034770489
pitch_13: 2.14500379562
roll_13: -0.311195313931
height_13: 1.28030562401
