pitch_4: 1.64102685452
roll_4: -0.0183476600796
height_4: 1.40940499306
pitch_13: 1.67145860195
roll_13: -0.0305147022009
height_13: 1.40925979614
