pitch_4: 2.47243499756
roll_4: -1.31073904037
height_4: 1.445936203
pitch_13: 2.4977388382
roll_13: -1.32619154453
height_13: 1.4456653595
