pitch_4: 2.61135578156
roll_4: 0.172413483262
height_4: 1.3313215971
pitch_13: 2.64253592491
roll_13: 0.156399026513
height_13: 1.33163785934
