pitch_4: 2.10487699509
roll_4: -0.174950242043
height_4: 1.3261089325
pitch_13: 2.13468432426
roll_13: -0.188954949379
height_13: 1.3260897398
