pitch_4: 2.26301550865
roll_4: -0.167425617576
height_4: 1.2679015398
pitch_13: 2.2928519249
roll_13: -0.182057186961
height_13: 1.26795494556
