pitch_4: 2.24042868614
roll_4: -0.163433581591
height_4: 1.33743357658
pitch_13: 2.27028131485
roll_13: -0.177975654602
height_13: 1.33747923374
