pitch_4: 2.23982357979
roll_4: -0.468991875648
height_4: 1.41112995148
pitch_13: 2.26846456528
roll_13: -0.483528912067
height_13: 1.4110724926
