pitch_4: 2.54294395447
roll_4: 0.984283089638
height_4: 1.38447618484
pitch_13: 2.57734179497
roll_13: 0.968533217907
height_13: 1.38505923748
