pitch_4: 2.02293944359
roll_4: -0.405491352081
height_4: 1.34043753147
pitch_13: 2.05183339119
roll_13: -0.419169574976
height_13: 1.34030580521
