pitch_4: 3.02166509628
roll_4: -0.753139317036
height_4: 1.37565422058
pitch_13: 3.04917693138
roll_13: -0.770771443844
height_13: 1.3758161068
