pitch_4: 2.23179459572
roll_4: -0.137689441442
height_4: 1.36585903168
pitch_13: 2.26174855232
roll_13: -0.152197569609
height_13: 1.36590850353
