pitch_4: 3.144292593
roll_4: -1.11308312416
height_4: 1.29887163639
pitch_13: 3.170378685
roll_13: -1.13119769096
height_13: 1.29893839359
