pitch_4: 2.14857673645
roll_4: 0.0185295455158
height_4: 1.41561150551
pitch_13: 2.17915081978
roll_13: 0.00435027806088
height_13: 1.41568768024
