pitch_4: 2.1284031868
roll_4: 0.0280295405537
height_4: 1.36159992218
pitch_13: 2.15901494026
roll_13: 0.0139298196882
height_13: 1.36166286469
