pitch_4: 2.55009698868
roll_4: -1.49424529076
height_4: 1.44882583618
pitch_13: 2.57467412949
roll_13: -1.51000344753
height_13: 1.4485360384
