pitch_4: 2.19115877151
roll_4: 0.0471089594066
height_4: 1.41008174419
pitch_13: 2.22184634209
roll_13: 0.0327606275678
height_13: 1.41019237041
