pitch_4: 2.05736231804
roll_4: -0.589858114719
height_4: 1.28101420403
pitch_13: 2.08552575111
roll_13: -0.603671073914
height_13: 1.28083097935
