pitch_4: 2.08567404747
roll_4: -0.0784119591117
height_4: 1.44114768505
pitch_13: 2.1158645153
roll_13: -0.0923415347934
height_13: 1.44116091728
