pitch_4: 2.27198791504
roll_4: -0.0143775846809
height_4: 1.40515291691
pitch_13: 2.30243062973
roll_13: -0.0290459245443
height_13: 1.40525972843
