pitch_4: 2.55735874176
roll_4: 0.957670152187
height_4: 1.38239514828
pitch_13: 2.59165072441
roll_13: 0.941863536835
height_13: 1.38297438622
