pitch_4: 2.18833446503
roll_4: 0.0309142768383
height_4: 1.42199730873
pitch_13: 2.21895742416
roll_13: 0.0165774933994
height_13: 1.42209649086
