pitch_4: 1.45072364807
roll_4: 0.356132000685
height_4: 1.49183666706
pitch_13: 1.48264253139
roll_13: 0.344716757536
height_13: 1.49175465107
