pitch_4: 1.31484091282
roll_4: -0.225170239806
height_4: 1.57808303833
pitch_13: 1.34445548058
roll_13: -0.236042141914
height_13: 1.57773590088
