pitch_4: 2.49999403954
roll_4: 0.610553503036
height_4: 1.393892169
pitch_13: 2.5329105854
roll_13: 0.594976782799
height_13: 1.39431524277
