pitch_4: 1.60785603523
roll_4: 0.413568466902
height_4: 1.41035687923
pitch_13: 1.64000117779
roll_13: 0.401529550552
height_13: 1.41034734249
