pitch_4: 2.21614575386
roll_4: 0.205464377999
height_4: 1.40845644474
pitch_13: 2.24746012688
roll_13: 0.191015616059
height_13: 1.4086202383
