pitch_4: 2.56491994858
roll_4: 0.189110666513
height_4: 1.3389275074
pitch_13: 2.59616613388
roll_13: 0.173279985785
height_13: 1.33922851086
