pitch_4: 1.38173961639
roll_4: -0.246830224991
height_4: 1.5548760891
pitch_13: 1.41126739979
roll_13: -0.257967084646
height_13: 1.55454576015
