pitch_4: 2.27981710434
roll_4: -0.134124770761
height_4: 1.39064097404
pitch_13: 2.30978536606
roll_13: -0.148823142052
height_13: 1.39072871208
