pitch_4: 2.68843698502
roll_4: -0.0771024301648
height_4: 1.33323097229
pitch_13: 2.71862769127
roll_13: -0.0934204682708
height_13: 1.33348250389
