pitch_4: 2.25524830818
roll_4: -0.0810353085399
height_4: 1.34087395668
pitch_13: 2.28542709351
roll_13: -0.0956367254257
height_13: 1.3409576416
