pitch_4: 2.94034194946
roll_4: -0.542197108269
height_4: 1.35974085331
pitch_13: 2.9686896801
roll_13: -0.559508681297
height_13: 1.35994851589
