pitch_4: 1.86845374107
roll_4: 0.2436786443
height_4: 1.42205417156
pitch_13: 1.89992284775
roll_13: 0.23060773313
height_13: 1.42209219933
