pitch_4: 2.06599831581
roll_4: -0.158648490906
height_4: 1.43461608887
pitch_13: 2.09587097168
roll_13: -0.172499194741
height_13: 1.43461036682
