pitch_4: 2.32158350945
roll_4: -0.329200416803
height_4: 1.39552164078
pitch_13: 2.35077786446
roll_13: -0.344062715769
height_13: 1.39553868771
