pitch_4: 2.32693648338
roll_4: -0.0106578990817
height_4: 1.4073433876
pitch_13: 2.35739398003
roll_13: -0.0255439840257
height_13: 1.40749204159
