pitch_4: 2.32271265984
roll_4: 0.302852481604
height_4: 1.38801431656
pitch_13: 2.35441160202
roll_13: 0.287980288267
height_13: 1.38825058937
