pitch_4: 2.18965053558
roll_4: -0.274920225143
height_4: 1.37893533707
pitch_13: 2.2190618515
roll_13: -0.289260029793
height_13: 1.37893128395
