pitch_4: 2.09160685539
roll_4: -0.148565173149
height_4: 1.44053673744
pitch_13: 2.12151885033
roll_13: -0.16251757741
height_13: 1.44051361084
