pitch_4: 2.50430679321
roll_4: -0.345672309399
height_4: 1.36293804646
pitch_13: 2.53343510628
roll_13: -0.361258357763
height_13: 1.36303341389
