pitch_4: 2.36303877831
roll_4: -0.351486891508
height_4: 1.37346851826
pitch_13: 2.39214539528
roll_13: -0.366513341665
height_13: 1.37349736691
