pitch_4: 2.06178712845
roll_4: -0.569293618202
height_4: 1.28336524963
pitch_13: 2.09003162384
roll_13: -0.583124160767
height_13: 1.28320503235
