pitch_4: 2.12898397446
roll_4: -0.131542444229
height_4: 1.39397895336
pitch_13: 2.15896344185
roll_13: -0.145643115044
height_13: 1.39398252964
