pitch_4: 2.48227381706
roll_4: -0.348666608334
height_4: 1.40066254139
pitch_13: 2.51139068604
roll_13: -0.364165455103
height_13: 1.40074622631
