pitch_4: 2.15750598907
roll_4: 0.035269908607
height_4: 1.40406417847
pitch_13: 2.18814635277
roll_13: 0.0210548527539
height_13: 1.40414023399
