pitch_4: 1.93517553806
roll_4: -0.337055802345
height_4: 1.34716188908
pitch_13: 1.96434187889
roll_13: -0.350386679173
height_13: 1.34702455997
