pitch_4: 2.23834490776
roll_4: -0.26729157567
height_4: 1.44758689404
pitch_13: 2.26778554916
roll_13: -0.281824469566
height_13: 1.44759452343
