pitch_4: 3.06655097008
roll_4: 1.25263047218
height_4: 1.20078790188
pitch_13: 3.10200428963
roll_13: 1.23480474949
height_13: 1.20166492462
