pitch_4: 1.85505151749
roll_4: -0.465706557035
height_4: 1.47167348862
pitch_13: 1.88370800018
roll_13: -0.478718817234
height_13: 1.47145223618
