pitch_4: 2.09159493446
roll_4: -0.273360043764
height_4: 1.41092276573
pitch_13: 2.1210129261
roll_13: -0.287311315536
height_13: 1.41086935997
