pitch_4: 2.17984271049
roll_4: -0.0661438032985
height_4: 1.36512422562
pitch_13: 2.21008110046
roll_13: -0.0804465636611
height_13: 1.36517941952
