pitch_4: 1.96477341652
roll_4: 0.513884246349
height_4: 1.42643606663
pitch_13: 1.99731302261
roll_13: 0.500429272652
height_13: 1.42661511898
