pitch_4: 2.14039587975
roll_4: -0.0321844518185
height_4: 1.39585447311
pitch_13: 2.17076897621
roll_13: -0.0463311448693
height_13: 1.39590001106
