pitch_4: 2.09585833549
roll_4: 0.0934050679207
height_4: 1.37223160267
pitch_13: 2.12672972679
roll_13: 0.0794339701533
height_13: 1.3723076582
