pitch_4: 2.22424459457
roll_4: -0.241210639477
height_4: 1.39398896694
pitch_13: 2.25378799438
roll_13: -0.255688130856
height_13: 1.39399635792
