pitch_4: 2.95650267601
roll_4: -1.7072674036
height_4: 1.3247705698
pitch_13: 2.98023462296
roll_13: -1.72463357449
height_13: 1.32456457615
