pitch_4: 1.23042333126
roll_4: -0.0557315312326
height_4: 1.5815166235
pitch_13: 1.26071035862
roll_13: -0.0662698373199
height_13: 1.58119249344
