pitch_4: 2.2406642437
roll_4: -0.62999778986
height_4: 1.4326146841
pitch_13: 2.26866745949
roll_13: -0.644537031651
height_13: 1.43249630928
