pitch_4: 2.52256298065
roll_4: 0.493868082762
height_4: 1.38191926479
pitch_13: 2.55501723289
roll_13: 0.478202700615
height_13: 1.38231194019
