pitch_4: 2.49447369576
roll_4: -0.431732177734
height_4: 1.4083647728
pitch_13: 2.52326154709
roll_13: -0.447278678417
height_13: 1.40841984749
