pitch_4: 2.50550103188
roll_4: 0.139619082212
height_4: 1.33760786057
pitch_13: 2.53655290604
roll_13: 0.124024786055
height_13: 1.33787858486
