pitch_4: 2.45363926888
roll_4: -0.522884607315
height_4: 1.43208122253
pitch_13: 2.48206520081
roll_13: -0.538268506527
height_13: 1.43208491802
