pitch_4: 2.09737706184
roll_4: -0.303401082754
height_4: 1.40248799324
pitch_13: 2.12667560577
roll_13: -0.317374974489
height_13: 1.40243804455
