pitch_4: 2.13347959518
roll_4: -0.398787140846
height_4: 1.3423306942
pitch_13: 2.16239976883
roll_13: -0.412903398275
height_13: 1.3422523737
