pitch_4: 2.15266752243
roll_4: -0.376300573349
height_4: 1.34408509731
pitch_13: 2.18167662621
roll_13: -0.390493065119
height_13: 1.34402012825
