pitch_4: 2.92742967606
roll_4: -0.216290459037
height_4: 1.35095334053
pitch_13: 2.95706796646
roll_13: -0.23355358839
height_13: 1.3512544632
