pitch_4: 2.11338067055
roll_4: 0.00913343671709
height_4: 1.41685926914
pitch_13: 2.14391803741
roll_13: -0.00490643037483
height_13: 1.41691815853
