pitch_4: 2.07200098038
roll_4: -0.408583700657
height_4: 1.39693069458
pitch_13: 2.10088300705
roll_13: -0.422456115484
height_13: 1.39682376385
