pitch_4: 1.42597067356
roll_4: 0.469553530216
height_4: 1.54139494896
pitch_13: 1.45833969116
roll_13: 0.458235293627
height_13: 1.54134523869
