pitch_4: 2.18608021736
roll_4: -0.48105981946
height_4: 1.31267702579
pitch_13: 2.21467399597
roll_13: -0.495383858681
height_13: 1.31258916855
