pitch_4: 2.60997962952
roll_4: -0.59802877903
height_4: 1.42963838577
pitch_13: 2.63810777664
roll_13: -0.614031374454
height_13: 1.42968416214
