pitch_4: 2.27980327606
roll_4: -0.316479325294
height_4: 1.39767313004
pitch_13: 2.30904889107
roll_13: -0.331176072359
height_13: 1.39767301083
