pitch_4: 2.27912187576
roll_4: -0.246947288513
height_4: 1.40497887135
pitch_13: 2.30864334106
roll_13: -0.261641860008
height_13: 1.40501701832
