pitch_4: 2.64339518547
roll_4: -0.29937967658
height_4: 1.36257386208
pitch_13: 2.67270612717
roll_13: -0.315517097712
height_13: 1.3627396822
