pitch_4: 2.65160322189
roll_4: 0.788754820824
height_4: 1.36576151848
pitch_13: 2.6852247715
roll_13: 0.772576093674
height_13: 1.36631429195
