pitch_4: 2.18252658844
roll_4: -0.381007134914
height_4: 1.34241473675
pitch_13: 2.2115175724
roll_13: -0.395318001509
height_13: 1.34236311913
