pitch_4: 2.32928609848
roll_4: -0.0326990261674
height_4: 1.40929102898
pitch_13: 2.35965585709
roll_13: -0.0475941896439
height_13: 1.40941298008
