pitch_4: 2.5391664505
roll_4: -0.338071793318
height_4: 1.37285280228
pitch_13: 2.56832456589
roll_13: -0.353796362877
height_13: 1.37295567989
