pitch_4: 2.39749073982
roll_4: -0.240825742483
height_4: 1.33714032173
pitch_13: 2.42703509331
roll_13: -0.25598937273
height_13: 1.33722794056
