pitch_4: 2.00250577927
roll_4: -0.125258162618
height_4: 1.3573744297
pitch_13: 2.03251051903
roll_13: -0.138857603073
height_13: 1.35733234882
