pitch_4: 2.27293872833
roll_4: -0.150202527642
height_4: 1.390427351
pitch_13: 2.30284357071
roll_13: -0.164873495698
height_13: 1.39050722122
