pitch_4: 2.22177028656
roll_4: -0.288494408131
height_4: 1.44662952423
pitch_13: 2.25112700462
roll_13: -0.302961558104
height_13: 1.44661808014
