pitch_4: 2.60027718544
roll_4: -0.293585032225
height_4: 1.36084973812
pitch_13: 2.62961101532
roll_13: -0.309552043676
height_13: 1.36099255085
