pitch_4: 2.2894654274
roll_4: -0.0924754291773
height_4: 1.26920282841
pitch_13: 2.31959867477
roll_13: -0.107212454081
height_13: 1.26929032803
