pitch_4: 2.41239619255
roll_4: 0.455597132444
height_4: 1.38376760483
pitch_13: 2.44470000267
roll_13: 0.440368533134
height_13: 1.38409519196
