pitch_4: 1.60587584972
roll_4: 0.409547001123
height_4: 1.43830275536
pitch_13: 1.63800501823
roll_13: 0.397515982389
height_13: 1.43829500675
