pitch_4: 2.21185779572
roll_4: -0.21421135962
height_4: 1.42615771294
pitch_13: 2.24150896072
roll_13: -0.228639855981
height_13: 1.42617297173
