pitch_4: 1.31085038185
roll_4: -0.202782541513
height_4: 1.56949269772
pitch_13: 1.3405534029
roll_13: -0.213638558984
height_13: 1.56914544106
