pitch_4: 2.20718669891
roll_4: -0.58751553297
height_4: 1.4501247406
pitch_13: 2.23535823822
roll_13: -0.601922512054
height_13: 1.45001971722
