pitch_4: 2.36202216148
roll_4: 0.223648130894
height_4: 1.39147782326
pitch_13: 2.39340734482
roll_13: 0.208621352911
height_13: 1.39170670509
