pitch_4: 2.1142244339
roll_4: -0.0677364096045
height_4: 1.44275486469
pitch_13: 2.14445710182
roll_13: -0.0817789211869
height_13: 1.44278335571
