pitch_4: 2.17857480049
roll_4: -0.591591536999
height_4: 1.31218469143
pitch_13: 2.20673060417
roll_13: -0.60588490963
height_13: 1.31206250191
