pitch_4: 2.38799667358
roll_4: -0.303150713444
height_4: 1.34950911999
pitch_13: 2.41729426384
roll_13: -0.318276554346
height_13: 1.34957003593
