pitch_4: 2.03781294823
roll_4: -0.0496296919882
height_4: 1.44107317924
pitch_13: 2.06811738014
roll_13: -0.063370026648
height_13: 1.44107294083
