pitch_4: 2.39691734314
roll_4: -0.173227459192
height_4: 1.33802771568
pitch_13: 2.42673015594
roll_13: -0.188389405608
height_13: 1.33814561367
