pitch_4: 2.55166697502
roll_4: 0.563121199608
height_4: 1.37916123867
pitch_13: 2.58439564705
roll_13: 0.547340095043
height_13: 1.37958443165
