pitch_4: 1.74855422974
roll_4: -0.194041207433
height_4: 1.49155795574
pitch_13: 1.77828848362
roll_13: -0.206633150578
height_13: 1.49138605595
