pitch_4: 2.12261676788
roll_4: -0.198811784387
height_4: 1.41681361198
pitch_13: 2.1523296833
roll_13: -0.212886616588
height_13: 1.41680574417
