pitch_4: 2.63013148308
roll_4: -0.203367352486
height_4: 1.29374420643
pitch_13: 2.65982270241
roll_13: -0.219453409314
height_13: 1.29393482208
