pitch_4: 2.2305431366
roll_4: 0.108876861632
height_4: 1.35522520542
pitch_13: 2.26147508621
roll_13: 0.0943718701601
height_13: 1.3553661108
