pitch_4: 3.19352531433
roll_4: 0.149829566479
height_4: 1.19949328899
pitch_13: 3.22461104393
roll_13: 0.131510153413
height_13: 1.20004236698
