pitch_4: 2.22282886505
roll_4: -0.0119332941249
height_4: 1.29148864746
pitch_13: 2.25328159332
roll_13: -0.026406802237
height_13: 1.29157614708
