pitch_4: 2.13104629517
roll_4: -0.443887084723
height_4: 1.34351944923
pitch_13: 2.15978765488
roll_13: -0.457993298769
height_13: 1.34342586994
