pitch_4: 2.21025586128
roll_4: -0.581076800823
height_4: 1.46111297607
pitch_13: 2.23845267296
roll_13: -0.595495700836
height_13: 1.46100437641
