pitch_4: 2.32177591324
roll_4: -0.336508333683
height_4: 1.4199129343
pitch_13: 2.35094165802
roll_13: -0.351371526718
height_13: 1.41993176937
