pitch_4: 2.42640519142
roll_4: 0.798593461514
height_4: 1.3727670908
pitch_13: 2.46006774902
roll_13: 0.783306837082
height_13: 1.37322080135
