pitch_4: 2.4244799614
roll_4: 0.798231840134
height_4: 1.37064325809
pitch_13: 2.4581413269
roll_13: 0.782952725887
height_13: 1.37110054493
