pitch_4: 2.29814314842
roll_4: -0.214223235846
height_4: 1.26497256756
pitch_13: 2.32779383659
roll_13: -0.228993520141
height_13: 1.26501834393
