pitch_4: 2.10254096985
roll_4: -0.179484456778
height_4: 1.43589031696
pitch_13: 2.13233017921
roll_13: -0.193479910493
height_13: 1.43587481976
