pitch_4: 2.17798662186
roll_4: -0.253509998322
height_4: 1.42014789581
pitch_13: 2.20748281479
roll_13: -0.267803758383
height_13: 1.420140028
