pitch_4: 2.2550163269
roll_4: -0.41706186533
height_4: 1.45957136154
pitch_13: 2.28386378288
roll_13: -0.431659549475
height_13: 1.4595386982
