pitch_4: 2.19096469879
roll_4: -0.0496715568006
height_4: 1.39278578758
pitch_13: 2.22126817703
roll_13: -0.0640185028315
height_13: 1.39283537865
