pitch_4: 2.28627133369
roll_4: -0.390026420355
height_4: 1.33634400368
pitch_13: 2.3152256012
roll_13: -0.404748231173
height_13: 1.33632874489
