pitch_4: 2.20956778526
roll_4: -0.249686703086
height_4: 1.44306278229
pitch_13: 2.23907852173
roll_13: -0.264105796814
height_13: 1.44307601452
