pitch_4: 2.2547981739
roll_4: 0.138292774558
height_4: 1.38179421425
pitch_13: 2.28584599495
roll_13: 0.123691372573
height_13: 1.38194298744
