pitch_4: 2.11776828766
roll_4: 0.000728455081116
height_4: 1.42378127575
pitch_13: 2.14827179909
roll_13: -0.0133287040517
height_13: 1.42382669449
