pitch_4: 1.31771302223
roll_4: -0.208077222109
height_4: 1.57844531536
pitch_13: 1.34739506245
roll_13: -0.218960300088
height_13: 1.57810389996
