pitch_4: 1.81218004227
roll_4: -0.491906344891
height_4: 1.47179579735
pitch_13: 1.84073340893
roll_13: -0.504748284817
height_13: 1.47155892849
