pitch_4: 2.06710982323
roll_4: -0.344223827124
height_4: 1.27923238277
pitch_13: 2.0962471962
roll_13: -0.35807749629
height_13: 1.27914071083
