pitch_4: 2.18765282631
roll_4: -0.662623167038
height_4: 1.45079243183
pitch_13: 2.21552658081
roll_13: -0.676951944828
height_13: 1.45063781738
