pitch_4: 2.26448559761
roll_4: -0.350887268782
height_4: 1.40249466896
pitch_13: 2.29359507561
roll_13: -0.365523189306
height_13: 1.40248703957
