pitch_4: 2.0894548893
roll_4: -0.513394057751
height_4: 1.43049740791
pitch_13: 2.11792111397
roll_13: -0.527335107327
height_13: 1.4303599596
