pitch_4: 1.95452570915
roll_4: 0.334142535925
height_4: 1.42627561092
pitch_13: 1.98635268211
roll_13: 0.320729702711
height_13: 1.42637860775
