pitch_4: 2.07046461105
roll_4: -0.220831826329
height_4: 1.42051517963
pitch_13: 2.10009074211
roll_13: -0.234699875116
height_13: 1.42047309875
