pitch_4: 1.25800442696
roll_4: 0.158254653215
height_4: 1.55552792549
pitch_13: 1.28914034367
roll_13: 0.147605463862
height_13: 1.55529892445
