pitch_4: 2.22129106522
roll_4: -0.284843832254
height_4: 1.40516459942
pitch_13: 2.25066232681
roll_13: -0.299309402704
height_13: 1.40516459942
