pitch_4: 1.96768832207
roll_4: 0.362607032061
height_4: 1.42291128635
pitch_13: 1.99962794781
roll_13: 0.349141806364
height_13: 1.42304062843
