pitch_4: 2.15116357803
roll_4: -0.262598156929
height_4: 1.40937411785
pitch_13: 2.18062353134
roll_13: -0.276785731316
height_13: 1.40934729576
