pitch_4: 2.08428430557
roll_4: -0.419152349234
height_4: 1.44903957844
pitch_13: 2.11312413216
roll_13: -0.433073490858
height_13: 1.44894587994
