pitch_4: 2.14899230003
roll_4: -0.581573665142
height_4: 1.45042848587
pitch_13: 2.17718791962
roll_13: -0.595749914646
height_13: 1.45029103756
