pitch_4: 2.39713692665
roll_4: -0.324454218149
height_4: 1.34206199646
pitch_13: 2.42635011673
roll_13: -0.339616149664
height_13: 1.3421151638
