pitch_4: 1.21918845177
roll_4: 0.0566415302455
height_4: 1.56260955334
pitch_13: 1.24992179871
roll_13: 0.0461470261216
height_13: 1.56232500076
