pitch_4: 2.68017578125
roll_4: -0.0733692497015
height_4: 1.33002829552
pitch_13: 2.71038126945
roll_13: -0.0896546468139
height_13: 1.33027589321
