pitch_4: 2.13968133926
roll_4: -0.0117245707661
height_4: 1.3198390007
pitch_13: 2.17013573647
roll_13: -0.0258686039597
height_13: 1.31989240646
