pitch_4: 2.30819344521
roll_4: 0.241176143289
height_4: 1.39346933365
pitch_13: 2.33964824677
roll_13: 0.226362243295
height_13: 1.393663764
