pitch_4: 2.5124797821
roll_4: 0.973825037479
height_4: 1.38235342503
pitch_13: 2.54683542252
roll_13: 0.958195626736
height_13: 1.38290214539
