pitch_4: 2.24539756775
roll_4: 0.295020997524
height_4: 1.3817075491
pitch_13: 2.27706694603
roll_13: 0.280455648899
height_13: 1.38191735744
