pitch_4: 3.23739218712
roll_4: 0.790230512619
height_4: 1.20119476318
pitch_13: 3.27101182938
roll_13: 0.771732389927
height_13: 1.20198786259
