pitch_4: 2.29330968857
roll_4: 0.524731040001
height_4: 1.3524684906
pitch_13: 2.32588911057
roll_13: 0.50997376442
height_13: 1.35278844833
