pitch_4: 2.27084469795
roll_4: -0.13979575038
height_4: 1.26723694801
pitch_13: 2.30079030991
roll_13: -0.154458403587
height_13: 1.26730918884
