pitch_4: 1.93435919285
roll_4: 0.246081903577
height_4: 1.40875506401
pitch_13: 1.96583688259
roll_13: 0.232749596238
height_13: 1.4088139534
