pitch_4: 2.07540535927
roll_4: -0.177812471986
height_4: 1.4115717411
pitch_13: 2.10520172119
roll_13: -0.191700294614
height_13: 1.41154897213
