pitch_4: 2.26926469803
roll_4: -0.316407203674
height_4: 1.33942770958
pitch_13: 2.29851031303
roll_13: -0.331062376499
height_13: 1.33942759037
