pitch_4: 2.06091451645
roll_4: -0.533690750599
height_4: 1.31228840351
pitch_13: 2.08929991722
roll_13: -0.54751843214
height_13: 1.31213378906
