pitch_4: 2.06816935539
roll_4: -0.531628072262
height_4: 1.30942046642
pitch_13: 2.09656357765
roll_13: -0.545484602451
height_13: 1.30926585197
