pitch_4: 2.19209766388
roll_4: -0.250176697969
height_4: 1.37365078926
pitch_13: 2.22160601616
roll_13: -0.264526516199
height_13: 1.37362778187
