pitch_4: 1.98481369019
roll_4: 0.676950991154
height_4: 1.41751396656
pitch_13: 2.01799964905
roll_13: 0.663415551186
height_13: 1.41776549816
