pitch_4: 2.0147459507
roll_4: -0.135766521096
height_4: 1.42704343796
pitch_13: 2.04470920563
roll_13: -0.149414390326
height_13: 1.42700517178
