pitch_4: 2.29084396362
roll_4: -0.401387542486
height_4: 1.40549838543
pitch_13: 2.31975293159
roll_13: -0.416127413511
height_13: 1.40547919273
