pitch_4: 2.63178348541
roll_4: -0.67995017767
height_4: 1.44023251534
pitch_13: 2.65958690643
roll_13: -0.696038842201
height_13: 1.4402551651
