pitch_4: 2.71514391899
roll_4: 1.05135023594
height_4: 1.34153687954
pitch_13: 2.74980473518
roll_13: 1.03491783142
height_13: 1.34220790863
