pitch_4: 2.10395050049
roll_4: -0.557653367519
height_4: 1.31134557724
pitch_13: 2.13224124908
roll_13: -0.571651160717
height_13: 1.31120646
