pitch_4: 3.1959810257
roll_4: -1.66487216949
height_4: 1.31142032146
pitch_13: 3.21988153458
roll_13: -1.68318688869
height_13: 1.31132674217
