pitch_4: 2.13484716415
roll_4: -0.420884937048
height_4: 1.39974212646
pitch_13: 2.1636800766
roll_13: -0.435006469488
height_13: 1.39966189861
