pitch_4: 2.14137887955
roll_4: -0.114972449839
height_4: 1.45378363132
pitch_13: 2.17142415047
roll_13: -0.129122078419
height_13: 1.45381987095
