pitch_4: 2.12894225121
roll_4: 0.0470084100962
height_4: 1.40905332565
pitch_13: 2.15962958336
roll_13: 0.0329067483544
height_13: 1.40914463997
