pitch_4: 2.42608046532
roll_4: -1.49094927311
height_4: 1.4539359808
pitch_13: 2.45067000389
roll_13: -1.50621676445
height_13: 1.45358133316
