pitch_4: 2.02388930321
roll_4: 0.729675352573
height_4: 1.42061281204
pitch_13: 2.05728387833
roll_13: 0.715984523296
height_13: 1.42089486122
