pitch_4: 2.60407161713
roll_4: 0.983723759651
height_4: 1.3854585886
pitch_13: 2.63846588135
roll_13: 0.967731654644
height_13: 1.38606083393
