pitch_4: 1.99573194981
roll_4: -0.244747579098
height_4: 1.41179990768
pitch_13: 2.0252635479
roll_13: -0.258319318295
height_13: 1.41171395779
