pitch_4: 3.21894073486
roll_4: -1.48544955254
height_4: 1.30644989014
pitch_13: 3.24355244637
roll_13: -1.50385653973
height_13: 1.3064289093
