pitch_4: 3.09152579308
roll_4: -1.10718977451
height_4: 1.30291056633
pitch_13: 3.11763525009
roll_13: -1.12509548664
height_13: 1.30296397209
