pitch_4: 2.13924670219
roll_4: -0.37893769145
height_4: 1.34234213829
pitch_13: 2.16824579239
roll_13: -0.393076896667
height_13: 1.34227705002
