pitch_4: 2.06625962257
roll_4: -0.515116631985
height_4: 1.284932971
pitch_13: 2.09471893311
roll_13: -0.528965294361
height_13: 1.2847840786
