pitch_4: 2.16096377373
roll_4: -0.0445163436234
height_4: 1.40232479572
pitch_13: 2.19128751755
roll_13: -0.0587444603443
height_13: 1.40237414837
