pitch_4: 1.73945081234
roll_4: -0.177086859941
height_4: 1.42336547375
pitch_13: 1.76925289631
roll_13: -0.189642816782
height_13: 1.42320132256
