pitch_4: 2.35135293007
roll_4: 0.372990518808
height_4: 1.39294314384
pitch_13: 2.38333010674
roll_13: 0.358004778624
height_13: 1.39323282242
