pitch_4: 3.25677633286
roll_4: 0.833649635315
height_4: 1.19418418407
pitch_13: 3.29056835175
roll_13: 0.815074086189
height_13: 1.19499659538
