pitch_4: 2.40567660332
roll_4: -0.261088013649
height_4: 1.37552046776
pitch_13: 2.43514037132
roll_13: -0.276284039021
height_13: 1.37560415268
