pitch_4: 2.10486245155
roll_4: -0.116850286722
height_4: 1.43829262257
pitch_13: 2.13490009308
roll_13: -0.130855560303
height_13: 1.43829607964
