pitch_4: 2.16773414612
roll_4: -0.557183980942
height_4: 1.35850358009
pitch_13: 2.19602680206
roll_13: -0.571434736252
height_13: 1.35838162899
