pitch_4: 2.25531744957
roll_4: 0.340763390064
height_4: 1.38872766495
pitch_13: 2.28716802597
roll_13: 0.32615840435
height_13: 1.38897156715
