pitch_4: 1.99314367771
roll_4: 0.699146986008
height_4: 1.4130051136
pitch_13: 2.0264172554
roll_13: 0.685578107834
height_13: 1.4132566452
