pitch_4: 2.38166189194
roll_4: -0.263529777527
height_4: 1.29918527603
pitch_13: 2.41111636162
roll_13: -0.278630822897
height_13: 1.29924809933
