pitch_4: 2.27780365944
roll_4: -0.100238919258
height_4: 1.32734656334
pitch_13: 2.30790615082
roll_13: -0.114929616451
height_13: 1.32742655277
