pitch_4: 2.12118601799
roll_4: -0.517469346523
height_4: 1.27820444107
pitch_13: 2.14963579178
roll_13: -0.531536102295
height_13: 1.27808046341
