pitch_4: 1.9756872654
roll_4: 0.384021639824
height_4: 1.42252492905
pitch_13: 2.00771188736
roll_13: 0.370524555445
height_13: 1.42265832424
