pitch_4: 2.29264712334
roll_4: -0.371309280396
height_4: 1.34235644341
pitch_13: 2.32167506218
roll_13: -0.386056870222
height_13: 1.34233546257
