pitch_4: 2.09425973892
roll_4: -0.300503402948
height_4: 1.41093373299
pitch_13: 2.12356972694
roll_13: -0.314465016127
height_13: 1.41087269783
