pitch_4: 2.58770990372
roll_4: -0.205097943544
height_4: 1.2887417078
pitch_13: 2.61739468575
roll_13: -0.221015766263
height_13: 1.28892087936
