pitch_4: 2.16083240509
roll_4: -0.0614074803889
height_4: 1.39836716652
pitch_13: 2.19109010696
roll_13: -0.0756348297
height_13: 1.39842033386
