pitch_4: 1.63284921646
roll_4: 0.0870039537549
height_4: 1.52954447269
pitch_13: 1.66369926929
roll_13: 0.0748685076833
height_13: 1.52944135666
