pitch_4: 2.14119124413
roll_4: -0.0476648621261
height_4: 1.3772059679
pitch_13: 2.17150354385
roll_13: -0.0618145912886
height_13: 1.37725925446
