pitch_4: 2.23802375793
roll_4: -0.273887038231
height_4: 1.44816493988
pitch_13: 2.26743817329
roll_13: -0.288418620825
height_13: 1.44816660881
