pitch_4: 2.6042907238
roll_4: 0.120342709124
height_4: 1.34484565258
pitch_13: 2.63526463509
roll_13: 0.104356892407
height_13: 1.34514284134
