pitch_4: 2.24752163887
roll_4: -0.216392293572
height_4: 1.35041296482
pitch_13: 2.27716445923
roll_13: -0.230962112546
height_13: 1.35044896603
