pitch_4: 2.44606208801
roll_4: -1.39774703979
height_4: 1.44463217258
pitch_13: 2.4710214138
roll_13: -1.4130936861
height_13: 1.44433486462
