pitch_4: 2.19718027115
roll_4: -0.239477664232
height_4: 1.38925719261
pitch_13: 2.22673130035
roll_13: -0.253847777843
height_13: 1.3892647028
