pitch_4: 2.10724473
roll_4: -0.0969875529408
height_4: 1.41685962677
pitch_13: 2.13736104965
roll_13: -0.111002370715
height_13: 1.41687858105
