pitch_4: 2.30394482613
roll_4: -0.390724688768
height_4: 1.33456242085
pitch_13: 2.3328962326
roll_13: -0.405516803265
height_13: 1.33455467224
