pitch_4: 2.14746618271
roll_4: 0.0219477470964
height_4: 1.36387085915
pitch_13: 2.17805361748
roll_13: 0.00777238886803
height_13: 1.36393749714
