pitch_4: 2.24149656296
roll_4: -0.508639395237
height_4: 1.46229636669
pitch_13: 2.26998066902
roll_13: -0.523182928562
height_13: 1.46221995354
