pitch_4: 2.45325231552
roll_4: -0.467912375927
height_4: 1.41615259647
pitch_13: 2.48189640045
roll_13: -0.483295232058
height_13: 1.41617536545
