pitch_4: 2.08843183517
roll_4: -0.575178861618
height_4: 1.28831982613
pitch_13: 2.11665344238
roll_13: -0.589115440845
height_13: 1.28815758228
