pitch_4: 1.44286346436
roll_4: 0.434201091528
height_4: 1.53356695175
pitch_13: 1.47509205341
roll_13: 0.422816485167
height_13: 1.53350007534
