pitch_4: 2.0992166996
roll_4: -0.384939789772
height_4: 1.3198570013
pitch_13: 2.12819194794
roll_13: -0.398920565844
height_13: 1.31976544857
