pitch_4: 2.10654640198
roll_4: -0.461321920156
height_4: 1.33810782433
pitch_13: 2.1352186203
roll_13: -0.475330978632
height_13: 1.3379932642
