pitch_4: 2.52914333344
roll_4: -1.73961341381
height_4: 1.44092035294
pitch_13: 2.55274701118
roll_13: -1.75528728962
height_13: 1.44052779675
