pitch_4: 2.15602183342
roll_4: 0.146656066179
height_4: 1.34855508804
pitch_13: 2.1871035099
roll_13: 0.132446169853
height_13: 1.34867691994
