pitch_4: 2.02368497849
roll_4: -0.125567927957
height_4: 1.45232415199
pitch_13: 2.05368900299
roll_13: -0.139251247048
height_13: 1.45229363441
