pitch_4: 2.20415019989
roll_4: -0.234464228153
height_4: 1.36910486221
pitch_13: 2.23372125626
roll_13: -0.248861894011
height_13: 1.36912739277
