pitch_4: 2.14686822891
roll_4: -0.28119379282
height_4: 1.44619846344
pitch_13: 2.17625403404
roll_13: -0.295364052057
height_13: 1.44616770744
