pitch_4: 2.25429654121
roll_4: -0.450008630753
height_4: 1.41204118729
pitch_13: 2.28301286697
roll_13: -0.464603573084
height_13: 1.41198754311
