pitch_4: 2.15231823921
roll_4: -0.0227018222213
height_4: 1.40148937702
pitch_13: 2.18272900581
roll_13: -0.0368957296014
height_13: 1.40155017376
