pitch_4: 2.62255215645
roll_4: 0.665542006493
height_4: 1.34135377407
pitch_13: 2.6556854248
roll_13: 0.649479627609
height_13: 1.34185314178
