pitch_4: 3.12369132042
roll_4: 1.18494105339
height_4: 1.18640351295
pitch_13: 3.15887570381
roll_13: 1.16688978672
height_13: 1.1872882843
