pitch_4: 2.11423993111
roll_4: -0.125933855772
height_4: 1.41650056839
pitch_13: 2.14424133301
roll_13: -0.139976024628
height_13: 1.41651201248
