pitch_4: 2.15446972847
roll_4: -0.0185912232846
height_4: 1.31802153587
pitch_13: 2.18489670753
roll_13: -0.0327937863767
height_13: 1.31807494164
