pitch_4: 3.0357530117
roll_4: 1.45636987686
height_4: 1.2224149704
pitch_13: 3.0720140934
roll_13: 1.43866479397
height_13: 1.2233530283
