pitch_4: 3.25170445442
roll_4: 0.796021163464
height_4: 1.18492341042
pitch_13: 3.28534722328
roll_13: 0.77746629715
height_13: 1.18572807312
