pitch_4: 2.146879673
roll_4: -0.10256472975
height_4: 1.34406447411
pitch_13: 2.17697405815
roll_13: -0.116736255586
height_13: 1.34409117699
