pitch_4: 2.27382612228
roll_4: -0.261401683092
height_4: 1.40279662609
pitch_13: 2.30328989029
roll_13: -0.276075303555
height_13: 1.40281927586
