pitch_4: 2.09767317772
roll_4: -0.611139297485
height_4: 1.28094923496
pitch_13: 2.12575221062
roll_13: -0.625112116337
height_13: 1.28078138828
