pitch_4: 2.21871733665
roll_4: -0.225459739566
height_4: 1.4208085537
pitch_13: 2.24832415581
roll_13: -0.239915415645
height_13: 1.42082381248
