pitch_4: 1.32164573669
roll_4: 0.307625383139
height_4: 1.57056117058
pitch_13: 1.35337305069
roll_13: 0.296722441912
height_13: 1.57040286064
