pitch_4: 1.62922883034
roll_4: -0.0207991208881
height_4: 1.41855561733
pitch_13: 1.65965127945
roll_13: -0.0329194329679
height_13: 1.41841268539
