pitch_4: 1.77818536758
roll_4: -0.079406619072
height_4: 1.43373095989
pitch_13: 1.80837380886
roll_13: -0.0921172201633
height_13: 1.43361639977
