pitch_4: 2.98848986626
roll_4: -1.64345800877
height_4: 1.31702923775
pitch_13: 3.01247501373
roll_13: -1.66095149517
height_13: 1.31684827805
