pitch_4: 2.09256291389
roll_4: -0.471253752708
height_4: 1.34152829647
pitch_13: 2.12119626999
roll_13: -0.485207587481
height_13: 1.34140622616
