pitch_4: 2.39168167114
roll_4: -0.341941952705
height_4: 1.34208202362
pitch_13: 2.420825243
roll_13: -0.357082247734
height_13: 1.34212374687
