pitch_4: 2.75374937057
roll_4: 0.600421607494
height_4: 1.34452116489
pitch_13: 2.78662347794
roll_13: 0.583840429783
height_13: 1.34504723549
