pitch_4: 2.40644407272
roll_4: -0.144694045186
height_4: 1.29407727718
pitch_13: 2.4363694191
roll_13: -0.159893795848
height_13: 1.29420292377
