pitch_4: 2.57418775558
roll_4: -0.56641304493
height_4: 1.40643119812
pitch_13: 2.60244083405
roll_13: -0.58227455616
height_13: 1.4064655304
