pitch_4: 2.37933206558
roll_4: -1.47297513485
height_4: 1.45315003395
pitch_13: 2.40399289131
roll_13: -1.48805737495
height_13: 1.45278418064
