pitch_4: 2.2760913372
roll_4: 0.0695517659187
height_4: 1.39833426476
pitch_13: 2.30686664581
roll_13: 0.0548665449023
height_13: 1.39847922325
