pitch_4: 2.53898429871
roll_4: -0.613920807838
height_4: 1.41310858727
pitch_13: 2.56704974174
roll_13: -0.629642248154
height_13: 1.41311609745
