pitch_4: 2.74769473076
roll_4: 0.633378446102
height_4: 1.33735609055
pitch_13: 2.7806994915
roll_13: 0.616820812225
height_13: 1.33789730072
