pitch_4: 2.26797842979
roll_4: -0.182927414775
height_4: 1.3851249218
pitch_13: 2.29775285721
roll_13: -0.197578579187
height_13: 1.38516283035
