pitch_4: 2.08401727676
roll_4: -0.351263165474
height_4: 1.45287418365
pitch_13: 2.11312603951
roll_13: -0.365183830261
height_13: 1.4527823925
