pitch_4: 2.17736363411
roll_4: 0.0728026032448
height_4: 1.37677276134
pitch_13: 2.208152771
roll_13: 0.0585086010396
height_13: 1.37689101696
