pitch_4: 2.6153857708
roll_4: 0.656715035439
height_4: 1.3380535841
pitch_13: 2.64848446846
roll_13: 0.640680611134
height_13: 1.33854150772
