pitch_4: 2.20058917999
roll_4: -0.302538186312
height_4: 1.39183473587
pitch_13: 2.22989010811
roll_13: -0.316921263933
height_13: 1.39181160927
