pitch_4: 1.90974402428
roll_4: -0.334944188595
height_4: 1.35980319977
pitch_13: 1.93891859055
roll_13: -0.348174184561
height_13: 1.35965800285
