pitch_4: 1.95408272743
roll_4: -0.625142633915
height_4: 1.45017433167
pitch_13: 1.98210680485
roll_13: -0.638546288013
height_13: 1.44994533062
