pitch_4: 1.81841444969
roll_4: -0.271218299866
height_4: 1.46067941189
pitch_13: 1.8478423357
roll_13: -0.28408664465
height_13: 1.46051502228
