pitch_4: 2.17542743683
roll_4: -0.0517135672271
height_4: 1.41240632534
pitch_13: 2.20572280884
roll_13: -0.0659992322326
height_13: 1.41246140003
