pitch_4: 3.40148878098
roll_4: -0.218191146851
height_4: 1.17754352093
pitch_13: 3.43111681938
roll_13: -0.23733061552
height_13: 1.17804694176
