pitch_4: 2.11676287651
roll_4: -0.286042034626
height_4: 1.32066893578
pitch_13: 2.14613032341
roll_13: -0.30009290576
height_13: 1.32061553001
