pitch_4: 1.71790492535
roll_4: -0.122858501971
height_4: 1.41629362106
pitch_13: 1.74792218208
roll_13: -0.135329604149
height_13: 1.41614472866
