pitch_4: 2.79952788353
roll_4: -0.0128183895722
height_4: 1.31720840931
pitch_13: 2.82997274399
roll_13: -0.0295766070485
height_13: 1.31753623486
