pitch_4: 2.19611120224
roll_4: -0.558917760849
height_4: 1.31256937981
pitch_13: 2.22439646721
roll_13: -0.573281228542
height_13: 1.31245684624
