pitch_4: 2.65701746941
roll_4: 0.950614631176
height_4: 1.37134385109
pitch_13: 2.69127964973
roll_13: 0.934413194656
height_13: 1.3719534874
