pitch_4: 2.37854194641
roll_4: -0.236360251904
height_4: 1.35788393021
pitch_13: 2.40810441971
roll_13: -0.251448899508
height_13: 1.35796010494
