pitch_4: 2.24547362328
roll_4: -0.324932932854
height_4: 1.38443744183
pitch_13: 2.27468585968
roll_13: -0.339493513107
height_13: 1.38443350792
