pitch_4: 2.16056895256
roll_4: -0.207474276423
height_4: 1.44746434689
pitch_13: 2.19024753571
roll_13: -0.22169944644
height_13: 1.44746434689
