pitch_4: 2.10369634628
roll_4: -0.296875655651
height_4: 1.40406870842
pitch_13: 2.13302063942
roll_13: -0.310874640942
height_13: 1.40401506424
