pitch_4: 2.29873251915
roll_4: 0.262162536383
height_4: 1.37700474262
pitch_13: 2.33027100563
roll_13: 0.247386008501
height_13: 1.37722957134
