pitch_4: 2.21475934982
roll_4: -0.306391328573
height_4: 1.39566135406
pitch_13: 2.24404501915
roll_13: -0.320830613375
height_13: 1.39564216137
