pitch_4: 2.13415336609
roll_4: -0.458154350519
height_4: 1.33569908142
pitch_13: 2.1628382206
roll_13: -0.47227281332
height_13: 1.3356000185
