pitch_4: 1.40527248383
roll_4: 0.348655611277
height_4: 1.54717576504
pitch_13: 1.43716192245
roll_13: 0.337420523167
height_13: 1.54706323147
