pitch_4: 1.58581876755
roll_4: -0.00347337219864
height_4: 1.41707575321
pitch_13: 1.61631011963
roll_13: -0.0154216745868
height_13: 1.41690981388
