pitch_4: 2.18889355659
roll_4: -0.140898153186
height_4: 1.38095498085
pitch_13: 2.21883559227
roll_13: -0.155236050487
height_13: 1.38099312782
