pitch_4: 2.23207616806
roll_4: -0.251464128494
height_4: 1.44332957268
pitch_13: 2.26157975197
roll_13: -0.265972405672
height_13: 1.44333326817
