pitch_4: 2.10580158234
roll_4: -0.305307775736
height_4: 1.40628564358
pitch_13: 2.13509225845
roll_13: -0.319315254688
height_13: 1.40621697903
