pitch_4: 1.38913679123
roll_4: -0.0448423288763
height_4: 1.56429815292
pitch_13: 1.41946589947
roll_13: -0.0560101047158
height_13: 1.56404614449
