pitch_4: 2.2474462986
roll_4: -0.446371495724
height_4: 1.41297459602
pitch_13: 2.27617716789
roll_13: -0.460939139128
height_13: 1.41292119026
