pitch_4: 1.45387387276
roll_4: 0.334100306034
height_4: 1.47983670235
pitch_13: 1.48570537567
roll_13: 0.322672754526
height_13: 1.47974705696
