pitch_4: 2.19504117966
roll_4: -0.3866096735
height_4: 1.2861430645
pitch_13: 2.22400927544
roll_13: -0.400969952345
height_13: 1.28608965874
