pitch_4: 2.94710230827
roll_4: -0.714768111706
height_4: 1.37459540367
pitch_13: 2.97476625443
roll_13: -0.732105135918
height_13: 1.37472689152
