pitch_4: 2.19457316399
roll_4: -0.11758813262
height_4: 1.28058099747
pitch_13: 2.22460770607
roll_13: -0.131948694587
height_13: 1.28062283993
