pitch_4: 1.25649225712
roll_4: 0.202273607254
height_4: 1.57079291344
pitch_13: 1.28780245781
roll_13: 0.19162991643
height_13: 1.57057523727
