pitch_4: 2.36335515976
roll_4: 0.248263463378
height_4: 1.38732564449
pitch_13: 2.39483761787
roll_13: 0.233230933547
height_13: 1.38756549358
