pitch_4: 1.4440985918
roll_4: 0.484139353037
height_4: 1.5337729454
pitch_13: 1.47652566433
roll_13: 0.472749203444
height_13: 1.53372716904
