pitch_4: 1.96392631531
roll_4: 0.449596226215
height_4: 1.42452335358
pitch_13: 1.99621093273
roll_13: 0.436145335436
height_13: 1.42468726635
