pitch_4: 2.45178627968
roll_4: 0.574095189571
height_4: 1.34289801121
pitch_13: 2.4845597744
roll_13: 0.558709859848
height_13: 1.3432905674
