pitch_4: 2.00090646744
roll_4: 0.180458024144
height_4: 1.38979625702
pitch_13: 2.03212308884
roll_13: 0.166862592101
height_13: 1.38986289501
