pitch_4: 1.57352280617
roll_4: -0.112775214016
height_4: 1.42842888832
pitch_13: 1.6035810709
roll_13: -0.124673746526
height_13: 1.42822659016
