pitch_4: 2.27836203575
roll_4: -0.331327080727
height_4: 1.37783157825
pitch_13: 2.30754852295
roll_13: -0.346018254757
height_13: 1.37783336639
