pitch_4: 2.09588718414
roll_4: 0.00487864762545
height_4: 1.38341653347
pitch_13: 2.12640738487
roll_13: -0.00909167248756
height_13: 1.38346588612
