pitch_4: 2.36365818977
roll_4: 0.370167851448
height_4: 1.39798092842
pitch_13: 2.39562392235
roll_13: 0.355133205652
height_13: 1.39826667309
