pitch_4: 2.20852541924
roll_4: -0.246154010296
height_4: 1.37560892105
pitch_13: 2.2380502224
roll_13: -0.260568976402
height_13: 1.37560880184
