pitch_4: 2.27673530579
roll_4: -0.340039759874
height_4: 1.38929009438
pitch_13: 2.30588769913
roll_13: -0.354724287987
height_13: 1.38928985596
