pitch_4: 2.58292150497
roll_4: 0.925427079201
height_4: 1.38624477386
pitch_13: 2.61708474159
roll_13: 0.909519195557
height_13: 1.38681638241
