pitch_4: 2.92782521248
roll_4: -0.63228225708
height_4: 1.37419807911
pitch_13: 2.9558160305
roll_13: -0.649543702602
height_13: 1.374350667
