pitch_4: 2.26020264626
roll_4: 0.0389649011195
height_4: 1.39313089848
pitch_13: 2.29085731506
roll_13: 0.0243428926915
height_13: 1.39326047897
