pitch_4: 3.35665512085
roll_4: -0.0349996723235
height_4: 1.1775894165
pitch_13: 3.3870074749
roll_13: -0.0539635755122
height_13: 1.17811954021
