pitch_4: 1.86511743069
roll_4: -0.44068774581
height_4: 1.47053229809
pitch_13: 1.89387381077
roll_13: -0.45373994112
height_13: 1.47032642365
