pitch_4: 2.19461131096
roll_4: -0.232775762677
height_4: 1.44295632839
pitch_13: 2.22418880463
roll_13: -0.247135743499
height_13: 1.44295418262
