pitch_4: 2.91496539116
roll_4: -0.0428363904357
height_4: 1.31685483456
pitch_13: 2.94529032707
roll_13: -0.0600515045226
height_13: 1.31722092628
