pitch_4: 2.2021420002
roll_4: -0.0961078032851
height_4: 1.28745663166
pitch_13: 2.23226118088
roll_13: -0.110498689115
height_13: 1.2875212431
