pitch_4: 2.19233322144
roll_4: 0.158001452684
height_4: 1.34629261494
pitch_13: 2.22345948219
roll_13: 0.14364734292
height_13: 1.34642601013
