pitch_4: 1.582426548
roll_4: -0.255557626486
height_4: 1.45771062374
pitch_13: 1.61191821098
roll_13: -0.267490416765
height_13: 1.45745491982
