pitch_4: 2.12436056137
roll_4: -0.48123434186
height_4: 1.33578133583
pitch_13: 2.15295362473
roll_13: -0.495314002037
height_13: 1.3356628418
