pitch_4: 2.03358721733
roll_4: -0.165939733386
height_4: 1.4365209341
pitch_13: 2.06343102455
roll_13: -0.179661870003
height_13: 1.43649411201
