pitch_4: 1.83767402172
roll_4: 0.0165507271886
height_4: 1.45031571388
pitch_13: 1.86824274063
roll_13: 0.00360348797403
height_13: 1.45025265217
