pitch_4: 2.0764029026
roll_4: -0.273161619902
height_4: 1.40051805973
pitch_13: 2.1058216095
roll_13: -0.287052571774
height_13: 1.40045893192
