pitch_4: 2.10983109474
roll_4: 0.0200899131596
height_4: 1.41512584686
pitch_13: 2.14041161537
roll_13: 0.00606402335688
height_13: 1.41519224644
