pitch_4: 1.506534338
roll_4: -0.0829782113433
height_4: 1.4253937006
pitch_13: 1.53671133518
roll_13: -0.0946113914251
height_13: 1.42517995834
