pitch_4: 2.16927742958
roll_4: -0.453427523375
height_4: 1.34273815155
pitch_13: 2.19798088074
roll_13: -0.467685073614
height_13: 1.34265387058
