pitch_4: 2.19010472298
roll_4: -0.452266722918
height_4: 1.28567790985
pitch_13: 2.2188129425
roll_13: -0.466607153416
height_13: 1.2856014967
