pitch_4: 2.32234025002
roll_4: 0.368743747473
height_4: 1.38884079456
pitch_13: 2.3543009758
roll_13: 0.353872895241
height_13: 1.38911139965
