pitch_4: 2.0702726841
roll_4: -0.237286418676
height_4: 1.41707277298
pitch_13: 2.09983372688
roll_13: -0.251153469086
height_13: 1.41702127457
