pitch_4: 2.189442873
roll_4: -0.395076841116
height_4: 1.39868223667
pitch_13: 2.21837759018
roll_13: -0.409414857626
height_13: 1.3986287117
