pitch_4: 2.22655820847
roll_4: -0.32797268033
height_4: 1.38751530647
pitch_13: 2.25575876236
roll_13: -0.342458277941
height_13: 1.38750386238
