pitch_4: 2.00931835175
roll_4: -0.284613400698
height_4: 1.40816819668
pitch_13: 2.03869271278
roll_13: -0.298238307238
height_13: 1.40808415413
