pitch_4: 2.70204424858
roll_4: 0.623615324497
height_4: 1.34921729565
pitch_13: 2.73501038551
roll_13: 0.607237935066
height_13: 1.34972405434
