pitch_4: 2.5428211689
roll_4: -0.326347619295
height_4: 1.36703085899
pitch_13: 2.57202577591
roll_13: -0.342086732388
height_13: 1.3671374321
