pitch_4: 2.14474511147
roll_4: -0.655380964279
height_4: 1.33714258671
pitch_13: 2.17264819145
roll_13: -0.669539868832
height_13: 1.33698034286
