pitch_4: 2.11130261421
roll_4: -0.029653776437
height_4: 1.32407665253
pitch_13: 2.1416862011
roll_13: -0.043685182929
height_13: 1.32412970066
