pitch_4: 2.66920590401
roll_4: 0.977214276791
height_4: 1.34415447712
pitch_13: 2.70357346535
roll_13: 0.960964262486
height_13: 1.34477591515
