pitch_4: 2.2709197998
roll_4: -0.3595944345
height_4: 1.40030288696
pitch_13: 2.29999470711
roll_13: -0.37425583601
height_13: 1.40028953552
