pitch_4: 2.08089590073
roll_4: -0.395873814821
height_4: 1.39826714993
pitch_13: 2.1098279953
roll_13: -0.40978166461
height_13: 1.39816403389
