pitch_4: 2.07618045807
roll_4: -0.417138695717
height_4: 1.45446896553
pitch_13: 2.1050286293
roll_13: -0.431027770042
height_13: 1.45436775684
