pitch_4: 1.99038922787
roll_4: 0.396632254124
height_4: 1.41848504543
pitch_13: 2.02246379852
roll_13: 0.383076906204
height_13: 1.41863000393
