pitch_4: 2.3513982296
roll_4: -0.00366681418382
height_4: 1.40799951553
pitch_13: 2.38188290596
roll_13: -0.018649853766
height_13: 1.40814805031
