pitch_4: 2.12857532501
roll_4: 0.0597004443407
height_4: 1.40630865097
pitch_13: 2.15931296349
roll_13: 0.0455998107791
height_13: 1.40638494492
