pitch_4: 2.08522844315
roll_4: -0.0534440241754
height_4: 1.3602553606
pitch_13: 2.11551785469
roll_13: -0.0673720091581
height_13: 1.36027407646
