pitch_4: 2.73378372192
roll_4: 1.11411559582
height_4: 1.3316681385
pitch_13: 2.76869320869
roll_13: 1.09760892391
height_13: 1.3323622942
