pitch_4: 2.24244642258
roll_4: -0.0725497156382
height_4: 1.41860568523
pitch_13: 2.27265882492
roll_13: -0.0871004834771
height_13: 1.41868960857
