pitch_4: 2.45647192001
roll_4: -0.432205110788
height_4: 1.41620838642
pitch_13: 2.48525738716
roll_13: -0.447600930929
height_13: 1.41625404358
