pitch_4: 2.15317296982
roll_4: 0.0194317921996
height_4: 1.37071156502
pitch_13: 2.18375086784
roll_13: 0.00523417582735
height_13: 1.37078952789
