pitch_4: 1.32629668713
roll_4: 0.503881931305
height_4: 1.45566022396
pitch_13: 1.35880255699
roll_13: 0.492958903313
height_13: 1.45556294918
