pitch_4: 2.55805397034
roll_4: 0.969709217548
height_4: 1.39083850384
pitch_13: 2.59239387512
roll_13: 0.953899800777
height_13: 1.39142537117
