pitch_4: 2.21570038795
roll_4: -0.289874941111
height_4: 1.34317541122
pitch_13: 2.24505186081
roll_13: -0.304318070412
height_13: 1.34316778183
