pitch_4: 3.10123682022
roll_4: -1.66114032269
height_4: 1.32946038246
pitch_13: 3.12515211105
roll_13: -1.67908024788
height_13: 1.32932126522
