pitch_4: 2.16247653961
roll_4: -0.612127304077
height_4: 1.35366022587
pitch_13: 2.19055080414
roll_13: -0.626357138157
height_13: 1.35350561142
