pitch_4: 2.51710271835
roll_4: -0.336020559072
height_4: 1.37779414654
pitch_13: 2.54626893997
roll_13: -0.351657480001
height_13: 1.37789130211
