pitch_4: 2.10294651985
roll_4: -0.426220864058
height_4: 1.32141697407
pitch_13: 2.13175773621
roll_13: -0.440215945244
height_13: 1.32130622864
