pitch_4: 2.57394504547
roll_4: -0.511588692665
height_4: 1.40720498562
pitch_13: 2.60241580009
roll_13: -0.527449667454
height_13: 1.40725815296
