pitch_4: 2.23391056061
roll_4: -0.169430300593
height_4: 1.40678858757
pitch_13: 2.26373910904
roll_13: -0.183946475387
height_13: 1.40682291985
