pitch_4: 2.57166266441
roll_4: 0.0214568395168
height_4: 1.34429121017
pitch_13: 2.60224485397
roll_13: 0.00560051482171
height_13: 1.34453129768
