pitch_4: 2.04937005043
roll_4: -0.0654632598162
height_4: 1.43269574642
pitch_13: 2.07961177826
roll_13: -0.0792487710714
height_13: 1.43269371986
