pitch_4: 2.97044014931
roll_4: 1.49166214466
height_4: 1.2438801527
pitch_13: 3.00684213638
roll_13: 1.47421526909
height_13: 1.24479532242
