pitch_4: 1.87915503979
roll_4: 0.175932526588
height_4: 1.43889033794
pitch_13: 1.91035544872
roll_13: 0.162819758058
height_13: 1.43891489506
