pitch_4: 2.6294965744
roll_4: 0.649638831615
height_4: 1.36093389988
pitch_13: 2.66256713867
roll_13: 0.633548736572
height_13: 1.36143314838
