pitch_4: 2.54166936874
roll_4: -0.370690435171
height_4: 1.36884021759
pitch_13: 2.5706987381
roll_13: -0.386424392462
height_13: 1.36893558502
