pitch_4: 2.59455704689
roll_4: 0.174910724163
height_4: 1.33768081665
pitch_13: 2.62574720383
roll_13: 0.158962830901
height_13: 1.33799731731
