pitch_4: 1.52199029922
roll_4: -0.0950285494328
height_4: 1.43444299698
pitch_13: 1.55211937428
roll_13: -0.106722980738
height_13: 1.43422353268
