pitch_4: 1.59627127647
roll_4: -0.260551452637
height_4: 1.47138416767
pitch_13: 1.62574315071
roll_13: -0.272539138794
height_13: 1.47113609314
