pitch_4: 2.47436094284
roll_4: -1.58724141121
height_4: 1.44487667084
pitch_13: 2.49856877327
roll_13: -1.60269927979
height_13: 1.44450688362
