pitch_4: 2.21682286263
roll_4: -0.236958429217
height_4: 1.39172410965
pitch_13: 2.24638438225
roll_13: -0.25140607357
height_13: 1.39173555374
