pitch_4: 2.10126471519
roll_4: -0.161862537265
height_4: 1.43986713886
pitch_13: 2.13112473488
roll_13: -0.175853058696
height_13: 1.43986141682
