pitch_4: 2.1719558239
roll_4: -0.0703131631017
height_4: 1.36447584629
pitch_13: 2.20217752457
roll_13: -0.0845846608281
height_13: 1.36453282833
