pitch_4: 1.46181869507
roll_4: 0.480390161276
height_4: 1.52318453789
pitch_13: 1.49423003197
roll_13: 0.468929767609
height_13: 1.52314603329
