pitch_4: 2.53541898727
roll_4: -1.72156751156
height_4: 1.43882036209
pitch_13: 2.55909442902
roll_13: -1.73726582527
height_13: 1.43844294548
