pitch_4: 2.14001011848
roll_4: -0.0543577335775
height_4: 1.37170624733
pitch_13: 2.17029523849
roll_13: -0.068502753973
height_13: 1.37174630165
