pitch_4: 2.23040270805
roll_4: -0.27767175436
height_4: 1.45178282261
pitch_13: 2.25980234146
roll_13: -0.292173206806
height_13: 1.45178449154
