pitch_4: 2.32853984833
roll_4: 0.286174505949
height_4: 1.38897132874
pitch_13: 2.3601732254
roll_13: 0.271279960871
height_13: 1.38920783997
