pitch_4: 2.19418883324
roll_4: -0.33022120595
height_4: 1.38242030144
pitch_13: 2.22338080406
roll_13: -0.344578385353
height_13: 1.382391572
