pitch_4: 2.65461325645
roll_4: 0.718698501587
height_4: 1.38028037548
pitch_13: 2.68795681
roll_13: 0.702508270741
height_13: 1.38081014156
