pitch_4: 2.30932426453
roll_4: -0.342918872833
height_4: 1.34176754951
pitch_13: 2.33846521378
roll_13: -0.357732653618
height_13: 1.3417750597
