pitch_4: 2.37336993217
roll_4: 0.221178457141
height_4: 1.39154732227
pitch_13: 2.40474557877
roll_13: 0.206106469035
height_13: 1.39178740978
