pitch_4: 2.21037769318
roll_4: 0.068697758019
height_4: 1.4161182642
pitch_13: 2.24115037918
roll_13: 0.0542727597058
height_13: 1.41623234749
