pitch_4: 2.12009096146
roll_4: -0.178103238344
height_4: 1.45510685444
pitch_13: 2.14988565445
roll_13: -0.192168205976
height_13: 1.45511043072
