pitch_4: 2.04970288277
roll_4: -0.180481657386
height_4: 1.41122126579
pitch_13: 2.07948923111
roll_13: -0.194267570972
height_13: 1.41118681431
