pitch_4: 2.19935774803
roll_4: -0.163558349013
height_4: 1.33987808228
pitch_13: 2.2292098999
roll_13: -0.177937328815
height_13: 1.33991611004
