pitch_4: 2.1926047802
roll_4: -0.389263033867
height_4: 1.34123539925
pitch_13: 2.22156214714
roll_13: -0.403613656759
height_13: 1.34118175507
