pitch_4: 2.11804151535
roll_4: 0.0118328807876
height_4: 1.33013403416
pitch_13: 2.14858937263
roll_13: -0.00222551659681
height_13: 1.33018541336
