pitch_4: 2.22252440453
roll_4: -0.0188282746822
height_4: 1.28684425354
pitch_13: 2.25294995308
roll_13: -0.0333004109561
height_13: 1.28694331646
