pitch_4: 2.00069832802
roll_4: 0.408674508333
height_4: 1.4132027626
pitch_13: 2.03281998634
roll_13: 0.395078063011
height_13: 1.41335916519
