pitch_4: 3.14801263809
roll_4: -0.495302975178
height_4: 1.22525835037
pitch_13: 3.17654490471
roll_13: -0.513437092304
height_13: 1.22554814816
