pitch_4: 1.30050396919
roll_4: 0.544716775417
height_4: 1.44409883022
pitch_13: 1.33317244053
roll_13: 0.5338960886
height_13: 1.44402241707
