pitch_4: 2.43982291222
roll_4: -0.287600278854
height_4: 1.41405236721
pitch_13: 2.46918201447
roll_13: -0.30293148756
height_13: 1.41414773464
