pitch_4: 2.15636348724
roll_4: -0.385696321726
height_4: 1.39545702934
pitch_13: 2.1853351593
roll_13: -0.399903297424
height_13: 1.3953922987
