pitch_4: 3.13720273972
roll_4: -1.07604813576
height_4: 1.28878211975
pitch_13: 3.16343545914
roll_13: -1.09413528442
height_13: 1.28886401653
