pitch_4: 2.16720032692
roll_4: -0.47300606966
height_4: 1.31000423431
pitch_13: 2.1958258152
roll_13: -0.487255573273
height_13: 1.30990302563
