pitch_4: 2.18559861183
roll_4: 0.012007358484
height_4: 1.30498456955
pitch_13: 2.21614670753
roll_13: -0.00231889798306
height_13: 1.30507206917
