pitch_4: 2.03831887245
roll_4: -0.182276517153
height_4: 1.41031694412
pitch_13: 2.06809854507
roll_13: -0.196017041802
height_13: 1.41028618813
