pitch_4: 2.32301497459
roll_4: 0.339901179075
height_4: 1.38469743729
pitch_13: 2.35486149788
roll_13: 0.325027793646
height_13: 1.38496422768
