pitch_4: 1.91149365902
roll_4: -0.207813501358
height_4: 1.43103313446
pitch_13: 1.94117248058
roll_13: -0.221051469445
height_13: 1.43092644215
