pitch_4: 2.17304968834
roll_4: -0.220976471901
height_4: 1.39085221291
pitch_13: 2.20267438889
roll_13: -0.235251009464
height_13: 1.390848279
