pitch_4: 2.24025583267
roll_4: -0.243251219392
height_4: 1.36017310619
pitch_13: 2.26979184151
roll_13: -0.257792055607
height_13: 1.36019778252
