pitch_4: 2.4246301651
roll_4: -0.269739866257
height_4: 1.37737107277
pitch_13: 2.45405983925
roll_13: -0.28501111269
height_13: 1.37745475769
