pitch_4: 2.04476189613
roll_4: 0.537147462368
height_4: 1.42251980305
pitch_13: 2.07739305496
roll_13: 0.523375332355
height_13: 1.42274844646
