pitch_4: 2.073148489
roll_4: -0.322966247797
height_4: 1.28342044353
pitch_13: 2.10236954689
roll_13: -0.336843758821
height_13: 1.28335738182
