pitch_4: 2.70485162735
roll_4: -1.32458233833
height_4: 1.44537746906
pitch_13: 2.73010063171
roll_13: -1.34095525742
height_13: 1.4451982975
