pitch_4: 1.99959874153
roll_4: 0.399079054594
height_4: 1.41569375992
pitch_13: 2.03168296814
roll_13: 0.385487169027
height_13: 1.4158577919
