pitch_4: 2.43319869041
roll_4: -1.42818343639
height_4: 1.4469909668
pitch_13: 2.45803713799
roll_13: -1.44347918034
height_13: 1.44665932655
