pitch_4: 2.15945959091
roll_4: -0.11089823395
height_4: 1.34494912624
pitch_13: 2.18952059746
roll_13: -0.125119999051
height_13: 1.34496796131
