pitch_4: 2.39946913719
roll_4: -1.43653762341
height_4: 1.44795048237
pitch_13: 2.424274683
roll_13: -1.45169961452
height_13: 1.44760727882
