pitch_4: 2.30060815811
roll_4: -0.31955319643
height_4: 1.34239494801
pitch_13: 2.32984185219
roll_13: -0.334332346916
height_13: 1.34241378307
