pitch_4: 3.19725680351
roll_4: -1.48142743111
height_4: 1.31042289734
pitch_13: 3.22188401222
roll_13: -1.49974870682
height_13: 1.31039047241
