pitch_4: 2.17339920998
roll_4: -0.592605412006
height_4: 1.31731915474
pitch_13: 2.20155096054
roll_13: -0.60687816143
height_13: 1.31718552113
