pitch_4: 1.85938847065
roll_4: 0.0611687600613
height_4: 1.45220780373
pitch_13: 1.89013361931
roll_13: 0.0481351874769
height_13: 1.45217335224
