pitch_4: 2.04569005966
roll_4: 0.37670764327
height_4: 1.38682925701
pitch_13: 2.07768511772
roll_13: 0.362933248281
height_13: 1.38700067997
