pitch_4: 1.28658795357
roll_4: -0.0884243994951
height_4: 1.57497906685
pitch_13: 1.31674468517
roll_13: -0.0991850867867
height_13: 1.57466995716
