pitch_4: 2.16104507446
roll_4: -0.228779986501
height_4: 1.44701814651
pitch_13: 2.19063878059
roll_13: -0.243006929755
height_13: 1.44700658321
