pitch_4: 2.16719174385
roll_4: -0.0422200709581
height_4: 1.42006504536
pitch_13: 2.19752502441
roll_13: -0.0564728677273
height_13: 1.42012965679
