pitch_4: 2.25397109985
roll_4: 0.18009711802
height_4: 1.39361310005
pitch_13: 2.28518486023
roll_13: 0.165498703718
height_13: 1.39379239082
