pitch_4: 2.07677435875
roll_4: -0.535573065281
height_4: 1.31133306026
pitch_13: 2.1051530838
roll_13: -0.549463331699
height_13: 1.31118237972
