pitch_4: 2.16985034943
roll_4: -0.503382086754
height_4: 1.28215575218
pitch_13: 2.19835591316
roll_13: -0.517641663551
height_13: 1.2820545435
