pitch_4: 2.34621095657
roll_4: -0.307436019182
height_4: 1.39245522022
pitch_13: 2.37549161911
roll_13: -0.322396188974
height_13: 1.39248931408
