pitch_4: 1.82850503922
roll_4: -0.139241307974
height_4: 1.42859375477
pitch_13: 1.85845661163
roll_13: -0.15215075016
height_13: 1.42847931385
