pitch_4: 2.52788043022
roll_4: -0.624709248543
height_4: 1.41496372223
pitch_13: 2.55590319633
roll_13: -0.640386879444
height_13: 1.41495966911
