pitch_4: 2.20551848412
roll_4: -0.0515840798616
height_4: 1.39077949524
pitch_13: 2.23581433296
roll_13: -0.065988637507
height_13: 1.39085745811
