pitch_4: 3.23050808907
roll_4: 0.741959989071
height_4: 1.17025887966
pitch_13: 3.26393699646
roll_13: 0.723489284515
height_13: 1.1710215807
