pitch_4: 2.16877532005
roll_4: 0.0801275968552
height_4: 1.39521872997
pitch_13: 2.19959330559
roll_13: 0.0658677890897
height_13: 1.39532530308
