pitch_4: 2.99838900566
roll_4: 1.50295114517
height_4: 1.24199831486
pitch_13: 3.03483486176
roll_13: 1.48539352417
height_13: 1.24292862415
