pitch_4: 2.42381358147
roll_4: -0.147186756134
height_4: 1.29658639431
pitch_13: 2.45372915268
roll_13: -0.162455394864
height_13: 1.29671609402
