pitch_4: 3.02762365341
roll_4: 1.37852680683
height_4: 1.22060608864
pitch_13: 3.06357645988
roll_13: 1.36085438728
height_13: 1.22151374817
