pitch_4: 2.02126979828
roll_4: -0.138287186623
height_4: 1.35084629059
pitch_13: 2.05122351646
roll_13: -0.151960626245
height_13: 1.35081374645
