pitch_4: 2.07894945145
roll_4: -0.0213554035872
height_4: 1.39583563805
pitch_13: 2.10936570168
roll_13: -0.0352589227259
height_13: 1.3958619833
