pitch_4: 2.04894995689
roll_4: -0.171230256557
height_4: 1.41590702534
pitch_13: 2.07877278328
roll_13: -0.185013458133
height_13: 1.41586875916
