pitch_4: 2.07174611092
roll_4: -0.11381945014
height_4: 1.41950678825
pitch_13: 2.10179615021
roll_13: -0.127693429589
height_13: 1.41949152946
