pitch_4: 2.10246253014
roll_4: -0.343028247356
height_4: 1.43103456497
pitch_13: 2.13160419464
roll_13: -0.357021868229
height_13: 1.43096578121
