pitch_4: 2.21413111687
roll_4: -0.231948211789
height_4: 1.42276406288
pitch_13: 2.24371218681
roll_13: -0.246385470033
height_13: 1.42277908325
