pitch_4: 2.27130770683
roll_4: -0.146754741669
height_4: 1.39058732986
pitch_13: 2.30122590065
roll_13: -0.161419302225
height_13: 1.39066743851
