pitch_4: 2.74388217926
roll_4: 1.08853042126
height_4: 1.32621085644
pitch_13: 2.77869009972
roll_13: 1.07198381424
height_13: 1.32690489292
