pitch_4: 2.18695569038
roll_4: -0.51246035099
height_4: 1.34178924561
pitch_13: 2.21542477608
roll_13: -0.526787817478
height_13: 1.34169185162
