pitch_4: 2.67023968697
roll_4: 0.321144998074
height_4: 1.34332191944
pitch_13: 2.70200824738
roll_13: 0.30489641428
height_13: 1.34371054173
