pitch_4: 2.45099139214
roll_4: 0.538797259331
height_4: 1.38706278801
pitch_13: 2.48362469673
roll_13: 0.523415446281
height_13: 1.38743269444
