pitch_4: 2.17392373085
roll_4: 0.0857718214393
height_4: 1.37541103363
pitch_13: 2.20476412773
roll_13: 0.0714913383126
height_13: 1.37551391125
