pitch_4: 1.61866343021
roll_4: 0.420955985785
height_4: 1.40217328072
pitch_13: 1.65083789825
roll_13: 0.408874064684
height_13: 1.40217494965
