pitch_4: 2.67342543602
roll_4: 0.652873575687
height_4: 1.34635663033
pitch_13: 2.70650839806
roll_13: 0.636609554291
height_13: 1.3468786478
