pitch_4: 2.07122087479
roll_4: -0.0635847225785
height_4: 1.34147012234
pitch_13: 2.10146999359
roll_13: -0.0774568468332
height_13: 1.34147572517
