pitch_4: 2.1006925106
roll_4: -0.361801475286
height_4: 1.41571903229
pitch_13: 2.12975907326
roll_13: -0.375788241625
height_13: 1.41563105583
