pitch_4: 2.08355164528
roll_4: -0.215956225991
height_4: 1.41710293293
pitch_13: 2.1131966114
roll_13: -0.229876294732
height_13: 1.41706085205
