pitch_4: 2.10188269615
roll_4: -0.129300504923
height_4: 1.43705499172
pitch_13: 2.13187098503
roll_13: -0.143293783069
height_13: 1.43705284595
