pitch_4: 2.26465940475
roll_4: -0.374282449484
height_4: 1.45801723003
pitch_13: 2.29367566109
roll_13: -0.388918846846
height_13: 1.45799052715
